   8.9202500e-01   1.1180350e+00  -1.1500000e+00   2.0364000e+00  -4.2330540e+00   1.2224140e+00  -2.0736150e+00
   8.9122700e-01   1.1183260e+00  -1.1500000e+00   2.0361770e+00  -4.2339980e+00   1.2234770e+00  -2.0737630e+00
   8.9042700e-01   1.1186220e+00  -1.1500000e+00   2.0359630e+00  -4.2349290e+00   1.2245550e+00  -2.0739250e+00
   8.8962300e-01   1.1189230e+00  -1.1500000e+00   2.0357560e+00  -4.2358490e+00   1.2256480e+00  -2.0741030e+00
   8.8881600e-01   1.1192280e+00  -1.1500000e+00   2.0355570e+00  -4.2367570e+00   1.2267570e+00  -2.0742940e+00
   8.8800700e-01   1.1195380e+00  -1.1500000e+00   2.0353650e+00  -4.2376520e+00   1.2278810e+00  -2.0745010e+00
   8.8719400e-01   1.1198530e+00  -1.1500000e+00   2.0351820e+00  -4.2385360e+00   1.2290210e+00  -2.0747220e+00
   8.8637900e-01   1.1201730e+00  -1.1500000e+00   2.0350060e+00  -4.2394080e+00   1.2301760e+00  -2.0749570e+00
   8.8556000e-01   1.1204970e+00  -1.1500000e+00   2.0348390e+00  -4.2402670e+00   1.2313460e+00  -2.0752080e+00
   8.8473900e-01   1.1208260e+00  -1.1500000e+00   2.0346790e+00  -4.2411140e+00   1.2325310e+00  -2.0754730e+00
   8.8391500e-01   1.1211600e+00  -1.1500000e+00   2.0345280e+00  -4.2419490e+00   1.2337310e+00  -2.0757530e+00
   8.8308900e-01   1.1214990e+00  -1.1500000e+00   2.0343840e+00  -4.2427710e+00   1.2349470e+00  -2.0760480e+00
   8.8225900e-01   1.1218430e+00  -1.1500000e+00   2.0342490e+00  -4.2435800e+00   1.2361770e+00  -2.0763570e+00
   8.8142700e-01   1.1221910e+00  -1.1500000e+00   2.0341220e+00  -4.2443780e+00   1.2374220e+00  -2.0766820e+00
   8.8059200e-01   1.1225450e+00  -1.1500000e+00   2.0340030e+00  -4.2451620e+00   1.2386810e+00  -2.0770210e+00
   8.7975500e-01   1.1229030e+00  -1.1500000e+00   2.0338920e+00  -4.2459340e+00   1.2399560e+00  -2.0773760e+00
   8.7891400e-01   1.1232670e+00  -1.1500000e+00   2.0337900e+00  -4.2466930e+00   1.2412440e+00  -2.0777450e+00
   8.7807100e-01   1.1236350e+00  -1.1500000e+00   2.0336950e+00  -4.2474390e+00   1.2425480e+00  -2.0781290e+00
   8.7722600e-01   1.1240080e+00  -1.1500000e+00   2.0336100e+00  -4.2481730e+00   1.2438660e+00  -2.0785290e+00
   8.7657600e-01   1.1242490e+00  -1.1500000e+00   2.0334130e+00  -4.2489890e+00   1.2449580e+00  -2.0786710e+00
   8.7682800e-01   1.1238690e+00  -1.1500000e+00   2.0326820e+00  -4.2502270e+00   1.2449670e+00  -2.0775840e+00
   8.7707800e-01   1.1234940e+00  -1.1500000e+00   2.0319600e+00  -4.2514520e+00   1.2449940e+00  -2.0765110e+00
   8.7732500e-01   1.1231240e+00  -1.1500000e+00   2.0312470e+00  -4.2526620e+00   1.2450390e+00  -2.0754520e+00
   8.7756900e-01   1.1227600e+00  -1.1500000e+00   2.0305430e+00  -4.2538580e+00   1.2451010e+00  -2.0744070e+00
   8.7781000e-01   1.1224000e+00  -1.1500000e+00   2.0298480e+00  -4.2550390e+00   1.2451800e+00  -2.0733760e+00
   8.7804900e-01   1.1220460e+00  -1.1500000e+00   2.0291630e+00  -4.2562050e+00   1.2452760e+00  -2.0723590e+00
   8.7828500e-01   1.1216970e+00  -1.1500000e+00   2.0284870e+00  -4.2573570e+00   1.2453890e+00  -2.0713570e+00
   8.7851800e-01   1.1213530e+00  -1.1500000e+00   2.0278210e+00  -4.2584930e+00   1.2455190e+00  -2.0703690e+00
   8.7874800e-01   1.1210140e+00  -1.1500000e+00   2.0271640e+00  -4.2596150e+00   1.2456660e+00  -2.0693950e+00
   8.7897600e-01   1.1206800e+00  -1.1500000e+00   2.0265170e+00  -4.2607210e+00   1.2458290e+00  -2.0684360e+00
   8.7920200e-01   1.1203520e+00  -1.1500000e+00   2.0258790e+00  -4.2618120e+00   1.2460080e+00  -2.0674920e+00
   8.7942400e-01   1.1200280e+00  -1.1500000e+00   2.0252500e+00  -4.2628880e+00   1.2462030e+00  -2.0665620e+00
   8.7964500e-01   1.1197090e+00  -1.1500000e+00   2.0246320e+00  -4.2639490e+00   1.2464140e+00  -2.0656460e+00
   8.7986300e-01   1.1193950e+00  -1.1500000e+00   2.0240230e+00  -4.2649940e+00   1.2466410e+00  -2.0647450e+00
   8.8007900e-01   1.1190860e+00  -1.1500000e+00   2.0234230e+00  -4.2660230e+00   1.2468840e+00  -2.0638590e+00
   8.8029200e-01   1.1187810e+00  -1.1500000e+00   2.0228330e+00  -4.2670370e+00   1.2471420e+00  -2.0629870e+00
   8.8050300e-01   1.1184820e+00  -1.1500000e+00   2.0222530e+00  -4.2680340e+00   1.2474150e+00  -2.0621300e+00
   8.8071200e-01   1.1181870e+00  -1.1500000e+00   2.0216830e+00  -4.2690160e+00   1.2477040e+00  -2.0612880e+00
   8.8091900e-01   1.1178980e+00  -1.1500000e+00   2.0211230e+00  -4.2699830e+00   1.2480070e+00  -2.0604610e+00
   8.8112300e-01   1.1176120e+00  -1.1500000e+00   2.0205720e+00  -4.2709330e+00   1.2483250e+00  -2.0596480e+00
   8.8132600e-01   1.1173320e+00  -1.1500000e+00   2.0200310e+00  -4.2718670e+00   1.2486580e+00  -2.0588510e+00
   8.8152600e-01   1.1170560e+00  -1.1500000e+00   2.0195000e+00  -4.2727850e+00   1.2490050e+00  -2.0580680e+00
   8.8172400e-01   1.1167850e+00  -1.1500000e+00   2.0189790e+00  -4.2736870e+00   1.2493660e+00  -2.0573000e+00
   8.8192100e-01   1.1165190e+00  -1.1500000e+00   2.0184680e+00  -4.2745720e+00   1.2497420e+00  -2.0565460e+00
   8.8211500e-01   1.1162570e+00  -1.1500000e+00   2.0179670e+00  -4.2754420e+00   1.2501320e+00  -2.0558080e+00
   8.8230800e-01   1.1160000e+00  -1.1500000e+00   2.0174760e+00  -4.2762940e+00   1.2505350e+00  -2.0550840e+00
   8.8249800e-01   1.1157480e+00  -1.1500000e+00   2.0169950e+00  -4.2771310e+00   1.2509520e+00  -2.0543760e+00
   8.8268700e-01   1.1154990e+00  -1.1500000e+00   2.0165240e+00  -4.2779510e+00   1.2513820e+00  -2.0536820e+00
   8.8287400e-01   1.1152560e+00  -1.1500000e+00   2.0160630e+00  -4.2787550e+00   1.2518260e+00  -2.0530030e+00
   8.8306000e-01   1.1150170e+00  -1.1500000e+00   2.0156120e+00  -4.2795420e+00   1.2522830e+00  -2.0523390e+00
   8.8324300e-01   1.1147820e+00  -1.1500000e+00   2.0151710e+00  -4.2803120e+00   1.2527530e+00  -2.0516900e+00
   8.8342500e-01   1.1145520e+00  -1.1500000e+00   2.0147410e+00  -4.2810660e+00   1.2532360e+00  -2.0510560e+00
   8.8360600e-01   1.1143260e+00  -1.1500000e+00   2.0143200e+00  -4.2818030e+00   1.2537310e+00  -2.0504370e+00
   8.8378400e-01   1.1141050e+00  -1.1500000e+00   2.0139090e+00  -4.2825230e+00   1.2542390e+00  -2.0498320e+00
   8.8396200e-01   1.1138880e+00  -1.1500000e+00   2.0135090e+00  -4.2832270e+00   1.2547590e+00  -2.0492430e+00
   8.8413700e-01   1.1136750e+00  -1.1500000e+00   2.0131190e+00  -4.2839140e+00   1.2552920e+00  -2.0486680e+00
   8.8431200e-01   1.1134660e+00  -1.1500000e+00   2.0127390e+00  -4.2845840e+00   1.2558360e+00  -2.0481080e+00
   8.8448500e-01   1.1132620e+00  -1.1500000e+00   2.0123700e+00  -4.2852370e+00   1.2563920e+00  -2.0475630e+00
   8.8465600e-01   1.1130620e+00  -1.1500000e+00   2.0120100e+00  -4.2858730e+00   1.2569600e+00  -2.0470330e+00
   8.8482600e-01   1.1128670e+00  -1.1500000e+00   2.0116610e+00  -4.2864930e+00   1.2575400e+00  -2.0465170e+00
   8.8499500e-01   1.1126750e+00  -1.1500000e+00   2.0113220e+00  -4.2870950e+00   1.2581310e+00  -2.0460160e+00
   8.8516300e-01   1.1124880e+00  -1.1500000e+00   2.0109940e+00  -4.2876810e+00   1.2587330e+00  -2.0455300e+00
   8.8532900e-01   1.1123050e+00  -1.1500000e+00   2.0106750e+00  -4.2882500e+00   1.2593460e+00  -2.0450590e+00
   8.8549400e-01   1.1121250e+00  -1.1500000e+00   2.0103680e+00  -4.2888010e+00   1.2599700e+00  -2.0446020e+00
   8.8565900e-01   1.1119510e+00  -1.1500000e+00   2.0100700e+00  -4.2893360e+00   1.2606050e+00  -2.0441600e+00
   8.8582100e-01   1.1117800e+00  -1.1500000e+00   2.0097830e+00  -4.2898540e+00   1.2612510e+00  -2.0437330e+00
   8.8598300e-01   1.1116130e+00  -1.1500000e+00   2.0095060e+00  -4.2903550e+00   1.2619060e+00  -2.0433200e+00
   8.8614400e-01   1.1114500e+00  -1.1500000e+00   2.0092390e+00  -4.2908390e+00   1.2625730e+00  -2.0429210e+00
   8.8630400e-01   1.1112910e+00  -1.1500000e+00   2.0089830e+00  -4.2913060e+00   1.2632490e+00  -2.0425370e+00
   8.8646300e-01   1.1111360e+00  -1.1500000e+00   2.0087370e+00  -4.2917560e+00   1.2639350e+00  -2.0421680e+00
   8.8662100e-01   1.1109860e+00  -1.1500000e+00   2.0085010e+00  -4.2921890e+00   1.2646310e+00  -2.0418130e+00
   8.8677800e-01   1.1108390e+00  -1.1500000e+00   2.0082760e+00  -4.2926050e+00   1.2653370e+00  -2.0414720e+00
   8.8693400e-01   1.1106960e+00  -1.1500000e+00   2.0080610e+00  -4.2930040e+00   1.2660520e+00  -2.0411450e+00
   8.8709000e-01   1.1105560e+00  -1.1500000e+00   2.0078570e+00  -4.2933860e+00   1.2667770e+00  -2.0408330e+00
   8.8724500e-01   1.1104210e+00  -1.1500000e+00   2.0076630e+00  -4.2937510e+00   1.2675110e+00  -2.0405350e+00
   8.8739800e-01   1.1102900e+00  -1.1500000e+00   2.0074790e+00  -4.2940990e+00   1.2682530e+00  -2.0402510e+00
   8.8755200e-01   1.1101620e+00  -1.1500000e+00   2.0073060e+00  -4.2944310e+00   1.2690050e+00  -2.0399810e+00
   8.8770400e-01   1.1100380e+00  -1.1500000e+00   2.0071430e+00  -4.2947450e+00   1.2697660e+00  -2.0397260e+00
   8.8785600e-01   1.1099180e+00  -1.1500000e+00   2.0069900e+00  -4.2950430e+00   1.2705350e+00  -2.0394840e+00
   8.8800800e-01   1.1098020e+00  -1.1500000e+00   2.0068480e+00  -4.2953230e+00   1.2713130e+00  -2.0392560e+00
   8.8815900e-01   1.1096900e+00  -1.1500000e+00   2.0067160e+00  -4.2955870e+00   1.2720980e+00  -2.0390420e+00
   8.8830900e-01   1.1095810e+00  -1.1500000e+00   2.0065950e+00  -4.2958340e+00   1.2728930e+00  -2.0388420e+00
   8.8845900e-01   1.1094760e+00  -1.1500000e+00   2.0064840e+00  -4.2960650e+00   1.2736950e+00  -2.0386560e+00
   8.8860800e-01   1.1093740e+00  -1.1500000e+00   2.0063830e+00  -4.2962780e+00   1.2745050e+00  -2.0384830e+00
   8.8875700e-01   1.1092760e+00  -1.1500000e+00   2.0062930e+00  -4.2964750e+00   1.2753220e+00  -2.0383240e+00
   8.8890500e-01   1.1091820e+00  -1.1500000e+00   2.0062130e+00  -4.2966550e+00   1.2761480e+00  -2.0381790e+00
   8.8905400e-01   1.1090920e+00  -1.1500000e+00   2.0061430e+00  -4.2968180e+00   1.2769810e+00  -2.0380470e+00
   8.8920200e-01   1.1090050e+00  -1.1500000e+00   2.0060840e+00  -4.2969650e+00   1.2778210e+00  -2.0379280e+00
   8.8934900e-01   1.1089210e+00  -1.1500000e+00   2.0060350e+00  -4.2970950e+00   1.2786680e+00  -2.0378230e+00
   8.8949600e-01   1.1088410e+00  -1.1500000e+00   2.0059970e+00  -4.2972090e+00   1.2795220e+00  -2.0377310e+00
   8.8964400e-01   1.1087650e+00  -1.1500000e+00   2.0059690e+00  -4.2973060e+00   1.2803830e+00  -2.0376520e+00
   8.8979100e-01   1.1086920e+00  -1.1500000e+00   2.0059510e+00  -4.2973860e+00   1.2812510e+00  -2.0375870e+00
   8.8993700e-01   1.1086230e+00  -1.1500000e+00   2.0059430e+00  -4.2974500e+00   1.2821260e+00  -2.0375340e+00
   8.9008400e-01   1.1085570e+00  -1.1500000e+00   2.0059460e+00  -4.2974980e+00   1.2830070e+00  -2.0374950e+00
   8.9023100e-01   1.1084940e+00  -1.1500000e+00   2.0059590e+00  -4.2975290e+00   1.2838940e+00  -2.0374680e+00
   8.9037700e-01   1.1084350e+00  -1.1500000e+00   2.0059820e+00  -4.2975440e+00   1.2847880e+00  -2.0374540e+00
   8.9052400e-01   1.1083800e+00  -1.1500000e+00   2.0060160e+00  -4.2975430e+00   1.2856880e+00  -2.0374530e+00
   8.9067000e-01   1.1083270e+00  -1.1500000e+00   2.0060590e+00  -4.2975250e+00   1.2865930e+00  -2.0374650e+00
   8.9081700e-01   1.1082780e+00  -1.1500000e+00   2.0061130e+00  -4.2974910e+00   1.2875050e+00  -2.0374890e+00
   8.9096300e-01   1.1082330e+00  -1.1500000e+00   2.0061770e+00  -4.2974410e+00   1.2884220e+00  -2.0375260e+00
   8.9111000e-01   1.1081900e+00  -1.1500000e+00   2.0062520e+00  -4.2973750e+00   1.2893450e+00  -2.0375750e+00
   8.9125700e-01   1.1081520e+00  -1.1500000e+00   2.0063360e+00  -4.2972930e+00   1.2902730e+00  -2.0376370e+00
   8.9140400e-01   1.1081160e+00  -1.1500000e+00   2.0064310e+00  -4.2971950e+00   1.2912060e+00  -2.0377110e+00
   8.9155100e-01   1.1080830e+00  -1.1500000e+00   2.0065360e+00  -4.2970820e+00   1.2921440e+00  -2.0377970e+00
   8.9169900e-01   1.1080540e+00  -1.1500000e+00   2.0066510e+00  -4.2969520e+00   1.2930880e+00  -2.0378950e+00
   8.9184600e-01   1.1080280e+00  -1.1500000e+00   2.0067760e+00  -4.2968060e+00   1.2940360e+00  -2.0380050e+00
   8.9199400e-01   1.1080060e+00  -1.1500000e+00   2.0069110e+00  -4.2966450e+00   1.2949900e+00  -2.0381270e+00
   8.9214200e-01   1.1079860e+00  -1.1500000e+00   2.0070560e+00  -4.2964680e+00   1.2959470e+00  -2.0382610e+00
   8.9229100e-01   1.1079700e+00  -1.1500000e+00   2.0072110e+00  -4.2962750e+00   1.2969100e+00  -2.0384070e+00
   8.9244000e-01   1.1079570e+00  -1.1500000e+00   2.0073760e+00  -4.2960670e+00   1.2978770e+00  -2.0385640e+00
   8.9258900e-01   1.1079460e+00  -1.1500000e+00   2.0075520e+00  -4.2958440e+00   1.2988480e+00  -2.0387330e+00
   8.9273900e-01   1.1079400e+00  -1.1500000e+00   2.0077370e+00  -4.2956050e+00   1.2998230e+00  -2.0389130e+00
   8.9288900e-01   1.1079360e+00  -1.1500000e+00   2.0079320e+00  -4.2953500e+00   1.3008020e+00  -2.0391050e+00
   8.9304000e-01   1.1079350e+00  -1.1500000e+00   2.0081370e+00  -4.2950800e+00   1.3017850e+00  -2.0393080e+00
   8.9319100e-01   1.1079370e+00  -1.1500000e+00   2.0083520e+00  -4.2947960e+00   1.3027720e+00  -2.0395230e+00
   8.9334300e-01   1.1079430e+00  -1.1500000e+00   2.0085760e+00  -4.2944950e+00   1.3037630e+00  -2.0397480e+00
   8.9349500e-01   1.1079510e+00  -1.1500000e+00   2.0088110e+00  -4.2941800e+00   1.3047570e+00  -2.0399850e+00
   8.9364800e-01   1.1079620e+00  -1.1500000e+00   2.0090550e+00  -4.2938500e+00   1.3057540e+00  -2.0402320e+00
   8.9380200e-01   1.1079770e+00  -1.1500000e+00   2.0093090e+00  -4.2935050e+00   1.3067550e+00  -2.0404900e+00
   8.9395600e-01   1.1079940e+00  -1.1500000e+00   2.0095730e+00  -4.2931450e+00   1.3077590e+00  -2.0407590e+00
   8.9411100e-01   1.1080140e+00  -1.1500000e+00   2.0098460e+00  -4.2927700e+00   1.3087670e+00  -2.0410390e+00
   8.9426600e-01   1.1080380e+00  -1.1500000e+00   2.0101300e+00  -4.2923800e+00   1.3097770e+00  -2.0413290e+00
   8.9442300e-01   1.1080640e+00  -1.1500000e+00   2.0104220e+00  -4.2919760e+00   1.3107900e+00  -2.0416300e+00
   8.9458000e-01   1.1080930e+00  -1.1500000e+00   2.0107250e+00  -4.2915570e+00   1.3118060e+00  -2.0419410e+00
   8.9473700e-01   1.1081250e+00  -1.1500000e+00   2.0110370e+00  -4.2911240e+00   1.3128240e+00  -2.0422620e+00
   8.9489600e-01   1.1081600e+00  -1.1500000e+00   2.0113580e+00  -4.2906760e+00   1.3138450e+00  -2.0425940e+00
   8.9505500e-01   1.1081980e+00  -1.1500000e+00   2.0116890e+00  -4.2902140e+00   1.3148680e+00  -2.0429350e+00
   8.9521500e-01   1.1082380e+00  -1.1500000e+00   2.0120300e+00  -4.2897370e+00   1.3158940e+00  -2.0432870e+00
   8.9537600e-01   1.1082820e+00  -1.1500000e+00   2.0123800e+00  -4.2892470e+00   1.3169220e+00  -2.0436480e+00
   8.9553800e-01   1.1083280e+00  -1.1500000e+00   2.0127390e+00  -4.2887420e+00   1.3179520e+00  -2.0440190e+00
   8.9570100e-01   1.1083770e+00  -1.1500000e+00   2.0131080e+00  -4.2882230e+00   1.3189840e+00  -2.0444000e+00
   8.9586500e-01   1.1084290e+00  -1.1500000e+00   2.0134860e+00  -4.2876910e+00   1.3200180e+00  -2.0447910e+00
   8.9603000e-01   1.1084830e+00  -1.1500000e+00   2.0138730e+00  -4.2871440e+00   1.3210530e+00  -2.0451900e+00
   8.9619500e-01   1.1085410e+00  -1.1500000e+00   2.0142700e+00  -4.2865840e+00   1.3220900e+00  -2.0456000e+00
   8.9636200e-01   1.1086010e+00  -1.1500000e+00   2.0146750e+00  -4.2860100e+00   1.3231290e+00  -2.0460190e+00
   8.9653000e-01   1.1086630e+00  -1.1500000e+00   2.0150900e+00  -4.2854220e+00   1.3241700e+00  -2.0464460e+00
   8.9669900e-01   1.1087290e+00  -1.1500000e+00   2.0155140e+00  -4.2848210e+00   1.3252110e+00  -2.0468830e+00
   8.9686900e-01   1.1087970e+00  -1.1500000e+00   2.0159470e+00  -4.2842060e+00   1.3262540e+00  -2.0473290e+00
   8.9703900e-01   1.1088680e+00  -1.1500000e+00   2.0163900e+00  -4.2835780e+00   1.3272980e+00  -2.0477840e+00
   8.9721100e-01   1.1089410e+00  -1.1500000e+00   2.0168410e+00  -4.2829370e+00   1.3283430e+00  -2.0482480e+00
   8.9738500e-01   1.1090170e+00  -1.1500000e+00   2.0173010e+00  -4.2822820e+00   1.3293890e+00  -2.0487200e+00
   8.9755900e-01   1.1090960e+00  -1.1500000e+00   2.0177700e+00  -4.2816140e+00   1.3304360e+00  -2.0492010e+00
   8.9773500e-01   1.1091770e+00  -1.1500000e+00   2.0182470e+00  -4.2809340e+00   1.3314830e+00  -2.0496910e+00
   8.9791100e-01   1.1092610e+00  -1.1500000e+00   2.0187340e+00  -4.2802400e+00   1.3325320e+00  -2.0501890e+00
   8.9808900e-01   1.1093480e+00  -1.1500000e+00   2.0192290e+00  -4.2795340e+00   1.3335800e+00  -2.0506950e+00
   8.9826800e-01   1.1094370e+00  -1.1500000e+00   2.0197330e+00  -4.2788150e+00   1.3346290e+00  -2.0512090e+00
   8.9844900e-01   1.1095280e+00  -1.1500000e+00   2.0202460e+00  -4.2780830e+00   1.3356790e+00  -2.0517320e+00
   8.9863000e-01   1.1096220e+00  -1.1500000e+00   2.0207680e+00  -4.2773380e+00   1.3367290e+00  -2.0522620e+00
   8.9881300e-01   1.1097190e+00  -1.1500000e+00   2.0212980e+00  -4.2765810e+00   1.3377790e+00  -2.0528010e+00
   8.9899800e-01   1.1098180e+00  -1.1500000e+00   2.0218360e+00  -4.2758120e+00   1.3388290e+00  -2.0533470e+00
   8.9918300e-01   1.1099190e+00  -1.1500000e+00   2.0223830e+00  -4.2750300e+00   1.3398790e+00  -2.0539010e+00
   8.9937000e-01   1.1100230e+00  -1.1500000e+00   2.0229380e+00  -4.2742370e+00   1.3409290e+00  -2.0544630e+00
   8.9955800e-01   1.1101300e+00  -1.1500000e+00   2.0235020e+00  -4.2734310e+00   1.3419780e+00  -2.0550320e+00
   8.9974800e-01   1.1102390e+00  -1.1500000e+00   2.0240740e+00  -4.2726130e+00   1.3430280e+00  -2.0556090e+00
   8.9993900e-01   1.1103500e+00  -1.1500000e+00   2.0246540e+00  -4.2717830e+00   1.3440770e+00  -2.0561930e+00
   9.0013100e-01   1.1104640e+00  -1.1500000e+00   2.0252430e+00  -4.2709410e+00   1.3451250e+00  -2.0567840e+00
   9.0032500e-01   1.1105800e+00  -1.1500000e+00   2.0258400e+00  -4.2700870e+00   1.3461730e+00  -2.0573820e+00
   9.0052100e-01   1.1106990e+00  -1.1500000e+00   2.0264440e+00  -4.2692220e+00   1.3472200e+00  -2.0579870e+00
   9.0071700e-01   1.1108190e+00  -1.1500000e+00   2.0270570e+00  -4.2683460e+00   1.3482670e+00  -2.0586000e+00
   9.0091600e-01   1.1109430e+00  -1.1500000e+00   2.0276780e+00  -4.2674570e+00   1.3493120e+00  -2.0592190e+00
   9.0111600e-01   1.1110680e+00  -1.1500000e+00   2.0283070e+00  -4.2665580e+00   1.3503570e+00  -2.0598450e+00
   9.0131700e-01   1.1111960e+00  -1.1500000e+00   2.0289440e+00  -4.2656470e+00   1.3514010e+00  -2.0604770e+00
   9.0152000e-01   1.1113260e+00  -1.1500000e+00   2.0295880e+00  -4.2647250e+00   1.3524430e+00  -2.0611160e+00
   9.0172400e-01   1.1114590e+00  -1.1500000e+00   2.0302410e+00  -4.2637920e+00   1.3534840e+00  -2.0617620e+00
   9.0193000e-01   1.1115930e+00  -1.1500000e+00   2.0309010e+00  -4.2628480e+00   1.3545250e+00  -2.0624140e+00
   9.0213700e-01   1.1117300e+00  -1.1500000e+00   2.0315680e+00  -4.2618930e+00   1.3555630e+00  -2.0630720e+00
   9.0234600e-01   1.1118690e+00  -1.1500000e+00   2.0322440e+00  -4.2609270e+00   1.3566000e+00  -2.0637360e+00
   9.0255700e-01   1.1120110e+00  -1.1500000e+00   2.0329260e+00  -4.2599510e+00   1.3576360e+00  -2.0644060e+00
   9.0276900e-01   1.1121540e+00  -1.1500000e+00   2.0336170e+00  -4.2589630e+00   1.3586700e+00  -2.0650830e+00
   9.0298300e-01   1.1123000e+00  -1.1500000e+00   2.0343140e+00  -4.2579660e+00   1.3597030e+00  -2.0657650e+00
   9.0319900e-01   1.1124480e+00  -1.1500000e+00   2.0350200e+00  -4.2569580e+00   1.3607330e+00  -2.0664530e+00
   9.0341600e-01   1.1125980e+00  -1.1500000e+00   2.0357320e+00  -4.2559400e+00   1.3617620e+00  -2.0671470e+00
   9.0363500e-01   1.1127510e+00  -1.1500000e+00   2.0364520e+00  -4.2549110e+00   1.3627880e+00  -2.0678460e+00
   9.0385500e-01   1.1129050e+00  -1.1500000e+00   2.0371790e+00  -4.2538730e+00   1.3638130e+00  -2.0685510e+00
   9.0407700e-01   1.1130620e+00  -1.1500000e+00   2.0379130e+00  -4.2528240e+00   1.3648360e+00  -2.0692610e+00
   9.0430100e-01   1.1132200e+00  -1.1500000e+00   2.0386540e+00  -4.2517650e+00   1.3658560e+00  -2.0699770e+00
   9.0452700e-01   1.1133810e+00  -1.1500000e+00   2.0394020e+00  -4.2506970e+00   1.3668740e+00  -2.0706980e+00
   9.0475400e-01   1.1135440e+00  -1.1500000e+00   2.0401570e+00  -4.2496190e+00   1.3678900e+00  -2.0714230e+00
   9.0498300e-01   1.1137090e+00  -1.1500000e+00   2.0409180e+00  -4.2485310e+00   1.3689030e+00  -2.0721540e+00
   9.0521400e-01   1.1138760e+00  -1.1500000e+00   2.0416870e+00  -4.2474340e+00   1.3699140e+00  -2.0728900e+00
   9.0544600e-01   1.1140450e+00  -1.1500000e+00   2.0424620e+00  -4.2463280e+00   1.3709220e+00  -2.0736310e+00
   9.0568000e-01   1.1142160e+00  -1.1500000e+00   2.0432450e+00  -4.2452120e+00   1.3719280e+00  -2.0743770e+00
   9.0591600e-01   1.1143890e+00  -1.1500000e+00   2.0440330e+00  -4.2440870e+00   1.3729300e+00  -2.0751270e+00
   9.0615400e-01   1.1145640e+00  -1.1500000e+00   2.0448280e+00  -4.2429520e+00   1.3739300e+00  -2.0758820e+00
   9.0639400e-01   1.1147410e+00  -1.1500000e+00   2.0456300e+00  -4.2418090e+00   1.3749270e+00  -2.0766410e+00
   9.0663500e-01   1.1149200e+00  -1.1500000e+00   2.0464380e+00  -4.2406570e+00   1.3759210e+00  -2.0774050e+00
   9.0687800e-01   1.1151000e+00  -1.1500000e+00   2.0472530e+00  -4.2394960e+00   1.3769120e+00  -2.0781730e+00
   9.0712300e-01   1.1152830e+00  -1.1500000e+00   2.0480740e+00  -4.2383260e+00   1.3779000e+00  -2.0789450e+00
   9.0737000e-01   1.1154680e+00  -1.1500000e+00   2.0489010e+00  -4.2371480e+00   1.3788850e+00  -2.0797220e+00
   9.0761900e-01   1.1156540e+00  -1.1500000e+00   2.0497340e+00  -4.2359610e+00   1.3798660e+00  -2.0805020e+00
   9.0786900e-01   1.1158430e+00  -1.1500000e+00   2.0505730e+00  -4.2347660e+00   1.3808440e+00  -2.0812870e+00
   9.0812200e-01   1.1160330e+00  -1.1500000e+00   2.0514180e+00  -4.2335630e+00   1.3818180e+00  -2.0820750e+00
   9.0837600e-01   1.1162250e+00  -1.1500000e+00   2.0522690e+00  -4.2323510e+00   1.3827890e+00  -2.0828670e+00
   9.0863200e-01   1.1164190e+00  -1.1500000e+00   2.0531260e+00  -4.2311310e+00   1.3837570e+00  -2.0836630e+00
   9.0889000e-01   1.1166150e+00  -1.1500000e+00   2.0539890e+00  -4.2299030e+00   1.3847210e+00  -2.0844620e+00
   9.0914900e-01   1.1168120e+00  -1.1500000e+00   2.0548580e+00  -4.2286680e+00   1.3856810e+00  -2.0852650e+00
   9.0941100e-01   1.1170120e+00  -1.1500000e+00   2.0557320e+00  -4.2274240e+00   1.3866370e+00  -2.0860720e+00
   9.0967500e-01   1.1172130e+00  -1.1500000e+00   2.0566120e+00  -4.2261730e+00   1.3875890e+00  -2.0868810e+00
   9.0994000e-01   1.1174160e+00  -1.1500000e+00   2.0574970e+00  -4.2249140e+00   1.3885380e+00  -2.0876950e+00
   9.1020700e-01   1.1176200e+00  -1.1500000e+00   2.0583880e+00  -4.2236480e+00   1.3894820e+00  -2.0885110e+00
   9.1047700e-01   1.1178270e+00  -1.1500000e+00   2.0592840e+00  -4.2223740e+00   1.3904230e+00  -2.0893300e+00
   9.1074800e-01   1.1180350e+00  -1.1500000e+00   2.0601860e+00  -4.2210930e+00   1.3913590e+00  -2.0901530e+00
   9.1102100e-01   1.1182440e+00  -1.1500000e+00   2.0610930e+00  -4.2198050e+00   1.3922910e+00  -2.0909780e+00
   9.1129600e-01   1.1184560e+00  -1.1500000e+00   2.0620050e+00  -4.2185100e+00   1.3932180e+00  -2.0918060e+00
   9.1157300e-01   1.1186690e+00  -1.1500000e+00   2.0629220e+00  -4.2172080e+00   1.3941420e+00  -2.0926370e+00
   9.1185100e-01   1.1188830e+00  -1.1500000e+00   2.0638440e+00  -4.2158990e+00   1.3950610e+00  -2.0934710e+00
   9.1213200e-01   1.1191000e+00  -1.1500000e+00   2.0647710e+00  -4.2145830e+00   1.3959750e+00  -2.0943070e+00
   9.1241500e-01   1.1193180e+00  -1.1500000e+00   2.0657030e+00  -4.2132610e+00   1.3968850e+00  -2.0951460e+00
   9.1269900e-01   1.1195370e+00  -1.1500000e+00   2.0666400e+00  -4.2119320e+00   1.3977900e+00  -2.0959870e+00
   9.1298600e-01   1.1197580e+00  -1.1500000e+00   2.0675810e+00  -4.2105970e+00   1.3986910e+00  -2.0968310e+00
   9.1327400e-01   1.1199810e+00  -1.1500000e+00   2.0685270e+00  -4.2092550e+00   1.3995860e+00  -2.0976770e+00
   9.1356400e-01   1.1202050e+00  -1.1500000e+00   2.0694780e+00  -4.2079070e+00   1.4004770e+00  -2.0985250e+00
   9.1385700e-01   1.1204310e+00  -1.1500000e+00   2.0704330e+00  -4.2065530e+00   1.4013630e+00  -2.0993750e+00
   9.1415100e-01   1.1206580e+00  -1.1500000e+00   2.0713930e+00  -4.2051930e+00   1.4022440e+00  -2.1002280e+00
   9.1444700e-01   1.1208870e+00  -1.1500000e+00   2.0723570e+00  -4.2038270e+00   1.4031200e+00  -2.1010820e+00
   9.1474500e-01   1.1211170e+00  -1.1500000e+00   2.0733250e+00  -4.2024550e+00   1.4039910e+00  -2.1019380e+00
   9.1504500e-01   1.1213480e+00  -1.1500000e+00   2.0742980e+00  -4.2010770e+00   1.4048570e+00  -2.1027960e+00
   9.1534700e-01   1.1215810e+00  -1.1500000e+00   2.0752750e+00  -4.1996940e+00   1.4057170e+00  -2.1036560e+00
   9.1565100e-01   1.1218160e+00  -1.1500000e+00   2.0762560e+00  -4.1983050e+00   1.4065720e+00  -2.1045180e+00
   9.1595700e-01   1.1220520e+00  -1.1500000e+00   2.0772400e+00  -4.1969110e+00   1.4074220e+00  -2.1053810e+00
   9.1626500e-01   1.1222890e+00  -1.1500000e+00   2.0782290e+00  -4.1955120e+00   1.4082660e+00  -2.1062460e+00
   9.1657500e-01   1.1225280e+00  -1.1500000e+00   2.0792220e+00  -4.1941070e+00   1.4091050e+00  -2.1071120e+00
   9.1688600e-01   1.1227680e+00  -1.1500000e+00   2.0802180e+00  -4.1926970e+00   1.4099380e+00  -2.1079790e+00
   9.1720000e-01   1.1230090e+00  -1.1500000e+00   2.0812180e+00  -4.1912830e+00   1.4107660e+00  -2.1088480e+00
   9.1751600e-01   1.1232520e+00  -1.1500000e+00   2.0822220e+00  -4.1898630e+00   1.4115880e+00  -2.1097180e+00
   9.1783300e-01   1.1234950e+00  -1.1500000e+00   2.0832290e+00  -4.1884390e+00   1.4124040e+00  -2.1105890e+00
   9.1815300e-01   1.1237410e+00  -1.1500000e+00   2.0842400e+00  -4.1870100e+00   1.4132150e+00  -2.1114610e+00
   9.1847400e-01   1.1239870e+00  -1.1500000e+00   2.0852540e+00  -4.1855760e+00   1.4140200e+00  -2.1123350e+00
   9.1879700e-01   1.1242350e+00  -1.1500000e+00   2.0862710e+00  -4.1841380e+00   1.4148180e+00  -2.1132090e+00
   9.1912200e-01   1.1244840e+00  -1.1500000e+00   2.0872920e+00  -4.1826960e+00   1.4156110e+00  -2.1140840e+00
   9.1945000e-01   1.1247340e+00  -1.1500000e+00   2.0883160e+00  -4.1812500e+00   1.4163980e+00  -2.1149600e+00
   9.1977900e-01   1.1249850e+00  -1.1500000e+00   2.0893430e+00  -4.1797990e+00   1.4171780e+00  -2.1158360e+00
   9.2011000e-01   1.1252380e+00  -1.1500000e+00   2.0903720e+00  -4.1783440e+00   1.4179520e+00  -2.1167130e+00
   9.2044300e-01   1.1254920e+00  -1.1500000e+00   2.0914050e+00  -4.1768860e+00   1.4187210e+00  -2.1175910e+00
   9.2077700e-01   1.1257460e+00  -1.1500000e+00   2.0924410e+00  -4.1754230e+00   1.4194820e+00  -2.1184700e+00
   9.2111400e-01   1.1260020e+00  -1.1500000e+00   2.0934800e+00  -4.1739570e+00   1.4202380e+00  -2.1193480e+00
   9.2145300e-01   1.1262590e+00  -1.1500000e+00   2.0945210e+00  -4.1724870e+00   1.4209870e+00  -2.1202280e+00
   9.2179300e-01   1.1265180e+00  -1.1500000e+00   2.0955650e+00  -4.1710140e+00   1.4217300e+00  -2.1211070e+00
   9.2213600e-01   1.1267770e+00  -1.1500000e+00   2.0966110e+00  -4.1695370e+00   1.4224660e+00  -2.1219870e+00
   9.2248000e-01   1.1270370e+00  -1.1500000e+00   2.0976600e+00  -4.1680570e+00   1.4231950e+00  -2.1228670e+00
   9.2282600e-01   1.1272980e+00  -1.1500000e+00   2.0987120e+00  -4.1665740e+00   1.4239180e+00  -2.1237470e+00
   9.2317400e-01   1.1275600e+00  -1.1500000e+00   2.0997650e+00  -4.1650880e+00   1.4246340e+00  -2.1246270e+00
   9.2352400e-01   1.1278240e+00  -1.1500000e+00   2.1008210e+00  -4.1635990e+00   1.4253440e+00  -2.1255070e+00
   9.2387600e-01   1.1280880e+00  -1.1500000e+00   2.1018790e+00  -4.1621070e+00   1.4260460e+00  -2.1263870e+00
   9.2423000e-01   1.1283530e+00  -1.1500000e+00   2.1029390e+00  -4.1606120e+00   1.4267420e+00  -2.1272670e+00
   9.2458500e-01   1.1286190e+00  -1.1500000e+00   2.1040020e+00  -4.1591150e+00   1.4274310e+00  -2.1281470e+00
   9.2494200e-01   1.1288860e+00  -1.1500000e+00   2.1050660e+00  -4.1576150e+00   1.4281120e+00  -2.1290260e+00
   9.2530100e-01   1.1291540e+00  -1.1500000e+00   2.1061320e+00  -4.1561130e+00   1.4287870e+00  -2.1299050e+00
   9.2566200e-01   1.1294230e+00  -1.1500000e+00   2.1072000e+00  -4.1546080e+00   1.4294550e+00  -2.1307840e+00
   9.2602500e-01   1.1296920e+00  -1.1500000e+00   2.1082700e+00  -4.1531010e+00   1.4301150e+00  -2.1316620e+00
   9.2639000e-01   1.1299630e+00  -1.1500000e+00   2.1093410e+00  -4.1515920e+00   1.4307690e+00  -2.1325400e+00
   9.2675600e-01   1.1302340e+00  -1.1500000e+00   2.1104140e+00  -4.1500810e+00   1.4314150e+00  -2.1334170e+00
   9.2712400e-01   1.1305060e+00  -1.1500000e+00   2.1114880e+00  -4.1485680e+00   1.4320540e+00  -2.1342930e+00
   9.2749400e-01   1.1307790e+00  -1.1500000e+00   2.1125640e+00  -4.1470540e+00   1.4326850e+00  -2.1351690e+00
   9.2786600e-01   1.1310520e+00  -1.1500000e+00   2.1136410e+00  -4.1455380e+00   1.4333090e+00  -2.1360440e+00
   9.2824000e-01   1.1313270e+00  -1.1500000e+00   2.1147190e+00  -4.1440200e+00   1.4339260e+00  -2.1369180e+00
   9.2861500e-01   1.1316020e+00  -1.1500000e+00   2.1157990e+00  -4.1425000e+00   1.4345350e+00  -2.1377910e+00
   9.2899200e-01   1.1318770e+00  -1.1500000e+00   2.1168800e+00  -4.1409800e+00   1.4351360e+00  -2.1386640e+00
   9.2937100e-01   1.1321540e+00  -1.1500000e+00   2.1179610e+00  -4.1394580e+00   1.4357300e+00  -2.1395350e+00
   9.2975100e-01   1.1324310e+00  -1.1500000e+00   2.1190440e+00  -4.1379350e+00   1.4363160e+00  -2.1404050e+00
   9.3013400e-01   1.1327080e+00  -1.1500000e+00   2.1201280e+00  -4.1364110e+00   1.4368940e+00  -2.1412750e+00
   9.3051700e-01   1.1329870e+00  -1.1500000e+00   2.1212120e+00  -4.1348860e+00   1.4374650e+00  -2.1421430e+00
   9.3090300e-01   1.1332650e+00  -1.1500000e+00   2.1222970e+00  -4.1333600e+00   1.4380280e+00  -2.1430090e+00
   9.3129000e-01   1.1335450e+00  -1.1500000e+00   2.1233830e+00  -4.1318330e+00   1.4385830e+00  -2.1438750e+00
   9.3167900e-01   1.1338250e+00  -1.1500000e+00   2.1244700e+00  -4.1303060e+00   1.4391300e+00  -2.1447390e+00
   9.3207000e-01   1.1341050e+00  -1.1500000e+00   2.1255570e+00  -4.1287780e+00   1.4396690e+00  -2.1456020e+00
   9.3246200e-01   1.1343860e+00  -1.1500000e+00   2.1266440e+00  -4.1272500e+00   1.4402000e+00  -2.1464630e+00
   9.3285600e-01   1.1346670e+00  -1.1500000e+00   2.1277320e+00  -4.1257220e+00   1.4407230e+00  -2.1473230e+00
   9.3325200e-01   1.1349490e+00  -1.1500000e+00   2.1288200e+00  -4.1241940e+00   1.4412380e+00  -2.1481810e+00
   9.3364900e-01   1.1352320e+00  -1.1500000e+00   2.1299090e+00  -4.1226650e+00   1.4417450e+00  -2.1490380e+00
   9.3404700e-01   1.1355140e+00  -1.1500000e+00   2.1309970e+00  -4.1211370e+00   1.4422430e+00  -2.1498930e+00
   9.3444800e-01   1.1357970e+00  -1.1500000e+00   2.1320860e+00  -4.1196080e+00   1.4427340e+00  -2.1507460e+00
   9.3485000e-01   1.1360810e+00  -1.1500000e+00   2.1331750e+00  -4.1180800e+00   1.4432160e+00  -2.1515980e+00
   9.3525300e-01   1.1363650e+00  -1.1500000e+00   2.1342630e+00  -4.1165530e+00   1.4436890e+00  -2.1524470e+00
   9.3556400e-01   1.1365960e+00  -1.1500000e+00   2.1351290e+00  -4.1151340e+00   1.4440520e+00  -2.1531630e+00
   9.3603400e-01   1.1369380e+00  -1.1500000e+00   2.1364180e+00  -4.1135120e+00   1.4446200e+00  -2.1541420e+00
   9.3650500e-01   1.1372800e+00  -1.1500000e+00   2.1377060e+00  -4.1118910e+00   1.4451800e+00  -2.1551170e+00
   9.3697600e-01   1.1376230e+00  -1.1500000e+00   2.1389910e+00  -4.1102720e+00   1.4457330e+00  -2.1560900e+00
   9.3744700e-01   1.1379660e+00  -1.1500000e+00   2.1402750e+00  -4.1086550e+00   1.4462770e+00  -2.1570590e+00
   9.3791900e-01   1.1383100e+00  -1.1500000e+00   2.1415560e+00  -4.1070390e+00   1.4468130e+00  -2.1580250e+00
   9.3839200e-01   1.1386550e+00  -1.1500000e+00   2.1428360e+00  -4.1054250e+00   1.4473410e+00  -2.1589880e+00
   9.3886400e-01   1.1389990e+00  -1.1500000e+00   2.1441130e+00  -4.1038130e+00   1.4478610e+00  -2.1599480e+00
   9.3933700e-01   1.1393450e+00  -1.1500000e+00   2.1453890e+00  -4.1022030e+00   1.4483730e+00  -2.1609040e+00
   9.3981100e-01   1.1396900e+00  -1.1500000e+00   2.1466620e+00  -4.1005960e+00   1.4488760e+00  -2.1618570e+00
   9.4028500e-01   1.1400360e+00  -1.1500000e+00   2.1479330e+00  -4.0989900e+00   1.4493720e+00  -2.1628060e+00
   9.4075900e-01   1.1403820e+00  -1.1500000e+00   2.1492010e+00  -4.0973870e+00   1.4498580e+00  -2.1637530e+00
   9.4123300e-01   1.1407290e+00  -1.1500000e+00   2.1504680e+00  -4.0957860e+00   1.4503370e+00  -2.1646950e+00
   9.4170800e-01   1.1410760e+00  -1.1500000e+00   2.1517310e+00  -4.0941870e+00   1.4508070e+00  -2.1656340e+00
   9.4218300e-01   1.1414230e+00  -1.1500000e+00   2.1529930e+00  -4.0925920e+00   1.4512690e+00  -2.1665700e+00
   9.4265900e-01   1.1417700e+00  -1.1500000e+00   2.1542510e+00  -4.0909990e+00   1.4517220e+00  -2.1675020e+00
   9.4313400e-01   1.1421180e+00  -1.1500000e+00   2.1555070e+00  -4.0894080e+00   1.4521660e+00  -2.1684300e+00
   9.4361000e-01   1.1424650e+00  -1.1500000e+00   2.1567610e+00  -4.0878210e+00   1.4526030e+00  -2.1693550e+00
   9.4408600e-01   1.1428130e+00  -1.1500000e+00   2.1580120e+00  -4.0862370e+00   1.4530300e+00  -2.1702760e+00
   9.4456300e-01   1.1431610e+00  -1.1500000e+00   2.1592600e+00  -4.0846560e+00   1.4534490e+00  -2.1711930e+00
   9.4503900e-01   1.1435100e+00  -1.1500000e+00   2.1605050e+00  -4.0830780e+00   1.4538590e+00  -2.1721070e+00
   9.4551600e-01   1.1438580e+00  -1.1500000e+00   2.1617470e+00  -4.0815030e+00   1.4542610e+00  -2.1730160e+00
   9.4599300e-01   1.1442060e+00  -1.1500000e+00   2.1629860e+00  -4.0799320e+00   1.4546530e+00  -2.1739220e+00
   9.4647100e-01   1.1445550e+00  -1.1500000e+00   2.1642230e+00  -4.0783640e+00   1.4550370e+00  -2.1748240e+00
   9.4694800e-01   1.1449030e+00  -1.1500000e+00   2.1654560e+00  -4.0768000e+00   1.4554120e+00  -2.1757220e+00
   9.4742500e-01   1.1452510e+00  -1.1500000e+00   2.1666860e+00  -4.0752400e+00   1.4557790e+00  -2.1766170e+00
   9.4790300e-01   1.1456000e+00  -1.1500000e+00   2.1679130e+00  -4.0736840e+00   1.4561360e+00  -2.1775070e+00
   9.4838100e-01   1.1459480e+00  -1.1500000e+00   2.1691370e+00  -4.0721310e+00   1.4564850e+00  -2.1783930e+00
   9.4885900e-01   1.1462970e+00  -1.1500000e+00   2.1703580e+00  -4.0705830e+00   1.4568240e+00  -2.1792760e+00
   9.4933600e-01   1.1466450e+00  -1.1500000e+00   2.1715750e+00  -4.0690380e+00   1.4571550e+00  -2.1801540e+00
   9.4981400e-01   1.1469930e+00  -1.1500000e+00   2.1727890e+00  -4.0674980e+00   1.4574770e+00  -2.1810280e+00
   9.5029200e-01   1.1473410e+00  -1.1500000e+00   2.1740000e+00  -4.0659620e+00   1.4577890e+00  -2.1818980e+00
   9.5077000e-01   1.1476890e+00  -1.1500000e+00   2.1752070e+00  -4.0644310e+00   1.4580930e+00  -2.1827640e+00
   9.5124800e-01   1.1480360e+00  -1.1500000e+00   2.1764100e+00  -4.0629040e+00   1.4583880e+00  -2.1836260e+00
   9.5172700e-01   1.1483840e+00  -1.1500000e+00   2.1776100e+00  -4.0613820e+00   1.4586730e+00  -2.1844840e+00
   9.5220500e-01   1.1487310e+00  -1.1500000e+00   2.1788070e+00  -4.0598640e+00   1.4589500e+00  -2.1853380e+00
   9.5268200e-01   1.1490780e+00  -1.1500000e+00   2.1800000e+00  -4.0583520e+00   1.4592170e+00  -2.1861870e+00
   9.5316000e-01   1.1494240e+00  -1.1500000e+00   2.1811890e+00  -4.0568440e+00   1.4594750e+00  -2.1870320e+00
   9.5363800e-01   1.1497700e+00  -1.1500000e+00   2.1823740e+00  -4.0553410e+00   1.4597240e+00  -2.1878730e+00
   9.5411600e-01   1.1501160e+00  -1.1500000e+00   2.1835550e+00  -4.0538440e+00   1.4599640e+00  -2.1887090e+00
   9.5459300e-01   1.1504620e+00  -1.1500000e+00   2.1847330e+00  -4.0523510e+00   1.4601940e+00  -2.1895410e+00
   9.5507100e-01   1.1508070e+00  -1.1500000e+00   2.1859070e+00  -4.0508640e+00   1.4604160e+00  -2.1903690e+00
   9.5554800e-01   1.1511520e+00  -1.1500000e+00   2.1870770e+00  -4.0493830e+00   1.4606280e+00  -2.1911920e+00
   9.5602500e-01   1.1514970e+00  -1.1500000e+00   2.1882420e+00  -4.0479070e+00   1.4608310e+00  -2.1920110e+00
   9.5650200e-01   1.1518410e+00  -1.1500000e+00   2.1894040e+00  -4.0464360e+00   1.4610240e+00  -2.1928260e+00
   9.5697900e-01   1.1521840e+00  -1.1500000e+00   2.1905620e+00  -4.0449710e+00   1.4612080e+00  -2.1936360e+00
   9.5745500e-01   1.1525270e+00  -1.1500000e+00   2.1917150e+00  -4.0435130e+00   1.4613830e+00  -2.1944420e+00
   9.5793200e-01   1.1528700e+00  -1.1500000e+00   2.1928650e+00  -4.0420600e+00   1.4615490e+00  -2.1952430e+00
   9.5840700e-01   1.1532120e+00  -1.1500000e+00   2.1940100e+00  -4.0406120e+00   1.4617050e+00  -2.1960400e+00
   9.5888300e-01   1.1535530e+00  -1.1500000e+00   2.1951510e+00  -4.0391720e+00   1.4618520e+00  -2.1968320e+00
   9.5935800e-01   1.1538940e+00  -1.1500000e+00   2.1962870e+00  -4.0377370e+00   1.4619890e+00  -2.1976190e+00
   9.5983300e-01   1.1542340e+00  -1.1500000e+00   2.1974200e+00  -4.0363080e+00   1.4621180e+00  -2.1984020e+00
   9.6030800e-01   1.1545740e+00  -1.1500000e+00   2.1985480e+00  -4.0348860e+00   1.4622360e+00  -2.1991810e+00
   9.6078200e-01   1.1549130e+00  -1.1500000e+00   2.1996710e+00  -4.0334710e+00   1.4623460e+00  -2.1999540e+00
   9.6125600e-01   1.1552510e+00  -1.1500000e+00   2.2007900e+00  -4.0320620e+00   1.4624460e+00  -2.2007240e+00
   9.6172900e-01   1.1555880e+00  -1.1500000e+00   2.2019040e+00  -4.0306600e+00   1.4625360e+00  -2.2014880e+00
   9.6220200e-01   1.1559250e+00  -1.1500000e+00   2.2030140e+00  -4.0292640e+00   1.4626180e+00  -2.2022480e+00
   9.6267400e-01   1.1562610e+00  -1.1500000e+00   2.2041190e+00  -4.0278750e+00   1.4626890e+00  -2.2030030e+00
   9.6314600e-01   1.1565970e+00  -1.1500000e+00   2.2052200e+00  -4.0264940e+00   1.4627520e+00  -2.2037530e+00
   9.6361700e-01   1.1569310e+00  -1.1500000e+00   2.2063160e+00  -4.0251190e+00   1.4628050e+00  -2.2044990e+00
   9.6408800e-01   1.1572650e+00  -1.1500000e+00   2.2074070e+00  -4.0237510e+00   1.4628480e+00  -2.2052400e+00
   9.6455800e-01   1.1575980e+00  -1.1500000e+00   2.2084930e+00  -4.0223910e+00   1.4628820e+00  -2.2059760e+00
   9.6502800e-01   1.1579300e+00  -1.1500000e+00   2.2095750e+00  -4.0210380e+00   1.4629070e+00  -2.2067080e+00
   9.6549700e-01   1.1582610e+00  -1.1500000e+00   2.2106510e+00  -4.0196930e+00   1.4629220e+00  -2.2074340e+00
   9.6596500e-01   1.1585910e+00  -1.1500000e+00   2.2117230e+00  -4.0183550e+00   1.4629280e+00  -2.2081560e+00
   9.6643300e-01   1.1589200e+00  -1.1500000e+00   2.2127900e+00  -4.0170250e+00   1.4629250e+00  -2.2088730e+00
   9.6690000e-01   1.1592490e+00  -1.1500000e+00   2.2138520e+00  -4.0157020e+00   1.4629120e+00  -2.2095850e+00
   9.6736600e-01   1.1595760e+00  -1.1500000e+00   2.2149090e+00  -4.0143870e+00   1.4628900e+00  -2.2102920e+00
   9.6783200e-01   1.1599030e+00  -1.1500000e+00   2.2159610e+00  -4.0130800e+00   1.4628580e+00  -2.2109950e+00
   9.6829700e-01   1.1602280e+00  -1.1500000e+00   2.2170080e+00  -4.0117810e+00   1.4628170e+00  -2.2116920e+00
   9.6876100e-01   1.1605520e+00  -1.1500000e+00   2.2180490e+00  -4.0104900e+00   1.4627670e+00  -2.2123850e+00
   9.6922400e-01   1.1608760e+00  -1.1500000e+00   2.2190860e+00  -4.0092070e+00   1.4627070e+00  -2.2130730e+00
   9.6968600e-01   1.1611980e+00  -1.1500000e+00   2.2201170e+00  -4.0079330e+00   1.4626380e+00  -2.2137550e+00
   9.7014700e-01   1.1615190e+00  -1.1500000e+00   2.2211430e+00  -4.0066670e+00   1.4625600e+00  -2.2144330e+00
   9.7060800e-01   1.1618390e+00  -1.1500000e+00   2.2221640e+00  -4.0054090e+00   1.4624720e+00  -2.2151060e+00
   9.7106800e-01   1.1621580e+00  -1.1500000e+00   2.2231800e+00  -4.0041600e+00   1.4623750e+00  -2.2157740e+00
   9.7152600e-01   1.1624760e+00  -1.1500000e+00   2.2241900e+00  -4.0029190e+00   1.4622690e+00  -2.2164370e+00
   9.7198400e-01   1.1627930e+00  -1.1500000e+00   2.2251950e+00  -4.0016870e+00   1.4621540e+00  -2.2170950e+00
   9.7244100e-01   1.1631080e+00  -1.1500000e+00   2.2261950e+00  -4.0004640e+00   1.4620290e+00  -2.2177480e+00
   9.7289600e-01   1.1634220e+00  -1.1500000e+00   2.2271890e+00  -3.9992500e+00   1.4618950e+00  -2.2183960e+00
   9.7335100e-01   1.1637350e+00  -1.1500000e+00   2.2281780e+00  -3.9980440e+00   1.4617520e+00  -2.2190390e+00
   9.7380400e-01   1.1640470e+00  -1.1500000e+00   2.2291610e+00  -3.9968480e+00   1.4616000e+00  -2.2196760e+00
   9.7425700e-01   1.1643570e+00  -1.1500000e+00   2.2301390e+00  -3.9956600e+00   1.4614390e+00  -2.2203090e+00
   9.7470800e-01   1.1646670e+00  -1.1500000e+00   2.2311110e+00  -3.9944820e+00   1.4612680e+00  -2.2209370e+00
   9.7515800e-01   1.1649740e+00  -1.1500000e+00   2.2320780e+00  -3.9933140e+00   1.4610890e+00  -2.2215600e+00
   9.7560700e-01   1.1652810e+00  -1.1500000e+00   2.2330390e+00  -3.9921540e+00   1.4609000e+00  -2.2221770e+00
   9.7605400e-01   1.1655860e+00  -1.1500000e+00   2.2339940e+00  -3.9910040e+00   1.4607030e+00  -2.2227900e+00
   9.7650100e-01   1.1658900e+00  -1.1500000e+00   2.2349440e+00  -3.9898640e+00   1.4604960e+00  -2.2233970e+00
   9.7694600e-01   1.1661930e+00  -1.1500000e+00   2.2358880e+00  -3.9887330e+00   1.4602810e+00  -2.2239990e+00
   9.7739000e-01   1.1664940e+00  -1.1500000e+00   2.2368260e+00  -3.9876120e+00   1.4600560e+00  -2.2245970e+00
   9.7783200e-01   1.1667930e+00  -1.1500000e+00   2.2377590e+00  -3.9865000e+00   1.4598230e+00  -2.2251890e+00
   9.7827300e-01   1.1670920e+00  -1.1500000e+00   2.2386860e+00  -3.9853990e+00   1.4595810e+00  -2.2257760e+00
   9.7871300e-01   1.1673880e+00  -1.1500000e+00   2.2396070e+00  -3.9843070e+00   1.4593300e+00  -2.2263570e+00
   9.7915100e-01   1.1676840e+00  -1.1500000e+00   2.2405220e+00  -3.9832260e+00   1.4590700e+00  -2.2269340e+00
   9.7958800e-01   1.1679770e+00  -1.1500000e+00   2.2414320e+00  -3.9821540e+00   1.4588010e+00  -2.2275060e+00
   9.8002300e-01   1.1682700e+00  -1.1500000e+00   2.2423360e+00  -3.9810930e+00   1.4585240e+00  -2.2280720e+00
   9.8045700e-01   1.1685610e+00  -1.1500000e+00   2.2432330e+00  -3.9800420e+00   1.4582380e+00  -2.2286330e+00
   9.8089000e-01   1.1688500e+00  -1.1500000e+00   2.2441250e+00  -3.9790010e+00   1.4579430e+00  -2.2291890e+00
   9.8132000e-01   1.1691380e+00  -1.1500000e+00   2.2450110e+00  -3.9779710e+00   1.4576400e+00  -2.2297400e+00
   9.8174900e-01   1.1694240e+00  -1.1500000e+00   2.2458910e+00  -3.9769510e+00   1.4573290e+00  -2.2302860e+00
   9.8217700e-01   1.1697090e+00  -1.1500000e+00   2.2467650e+00  -3.9759410e+00   1.4570080e+00  -2.2308260e+00
   9.8260300e-01   1.1699920e+00  -1.1500000e+00   2.2476330e+00  -3.9749420e+00   1.4566800e+00  -2.2313620e+00
   9.8302700e-01   1.1702730e+00  -1.1500000e+00   2.2484950e+00  -3.9739540e+00   1.4563430e+00  -2.2318920e+00
   9.8344900e-01   1.1705530e+00  -1.1500000e+00   2.2493510e+00  -3.9729770e+00   1.4559980e+00  -2.2324170e+00
   9.8387000e-01   1.1708310e+00  -1.1500000e+00   2.2502010e+00  -3.9720100e+00   1.4556440e+00  -2.2329360e+00
   9.8428900e-01   1.1711080e+00  -1.1500000e+00   2.2510440e+00  -3.9710550e+00   1.4552820e+00  -2.2334510e+00
   9.8470600e-01   1.1713820e+00  -1.1500000e+00   2.2518820e+00  -3.9701100e+00   1.4549120e+00  -2.2339600e+00
   9.8512100e-01   1.1716560e+00  -1.1500000e+00   2.2527140e+00  -3.9691760e+00   1.4545340e+00  -2.2344640e+00
   9.8553400e-01   1.1719270e+00  -1.1500000e+00   2.2535390e+00  -3.9682540e+00   1.4541480e+00  -2.2349630e+00
   9.8594600e-01   1.1721970e+00  -1.1500000e+00   2.2543580e+00  -3.9673430e+00   1.4537540e+00  -2.2354570e+00
   9.8635500e-01   1.1724650e+00  -1.1500000e+00   2.2551710e+00  -3.9664420e+00   1.4533520e+00  -2.2359450e+00
   9.8676300e-01   1.1727310e+00  -1.1500000e+00   2.2559780e+00  -3.9655540e+00   1.4529420e+00  -2.2364280e+00
   9.8716800e-01   1.1729960e+00  -1.1500000e+00   2.2567790e+00  -3.9646760e+00   1.4525240e+00  -2.2369060e+00
   9.8757200e-01   1.1732590e+00  -1.1500000e+00   2.2575730e+00  -3.9638100e+00   1.4520980e+00  -2.2373790e+00
   9.8797300e-01   1.1735200e+00  -1.1500000e+00   2.2583620e+00  -3.9629560e+00   1.4516650e+00  -2.2378460e+00
   9.8837200e-01   1.1737790e+00  -1.1500000e+00   2.2591440e+00  -3.9621130e+00   1.4512240e+00  -2.2383090e+00
   9.8877000e-01   1.1740370e+00  -1.1500000e+00   2.2599190e+00  -3.9612810e+00   1.4507750e+00  -2.2387660e+00
   9.8916500e-01   1.1742930e+00  -1.1500000e+00   2.2606890e+00  -3.9604610e+00   1.4503190e+00  -2.2392170e+00
   9.8955800e-01   1.1745470e+00  -1.1500000e+00   2.2614520e+00  -3.9596540e+00   1.4498560e+00  -2.2396640e+00
   9.8994800e-01   1.1747990e+00  -1.1500000e+00   2.2622090e+00  -3.9588570e+00   1.4493850e+00  -2.2401050e+00
   9.9033700e-01   1.1750490e+00  -1.1500000e+00   2.2629590e+00  -3.9580730e+00   1.4489070e+00  -2.2405410e+00
   9.9072300e-01   1.1752980e+00  -1.1500000e+00   2.2637030e+00  -3.9573010e+00   1.4484220e+00  -2.2409720e+00
   9.9110700e-01   1.1755440e+00  -1.1500000e+00   2.2644410e+00  -3.9565400e+00   1.4479290e+00  -2.2413980e+00
   9.9148800e-01   1.1757890e+00  -1.1500000e+00   2.2651720e+00  -3.9557920e+00   1.4474300e+00  -2.2418180e+00
   9.9186700e-01   1.1760320e+00  -1.1500000e+00   2.2658970e+00  -3.9550560e+00   1.4469230e+00  -2.2422330e+00
   9.9224400e-01   1.1762730e+00  -1.1500000e+00   2.2666160e+00  -3.9543310e+00   1.4464100e+00  -2.2426430e+00
   9.9261800e-01   1.1765120e+00  -1.1500000e+00   2.2673280e+00  -3.9536190e+00   1.4458900e+00  -2.2430480e+00
   9.9299000e-01   1.1767500e+00  -1.1500000e+00   2.2680340e+00  -3.9529200e+00   1.4453630e+00  -2.2434470e+00
   9.9335900e-01   1.1769850e+00  -1.1500000e+00   2.2687340e+00  -3.9522320e+00   1.4448290e+00  -2.2438420e+00
   9.9372600e-01   1.1772190e+00  -1.1500000e+00   2.2694270e+00  -3.9515570e+00   1.4442890e+00  -2.2442310e+00
   9.9409000e-01   1.1774500e+00  -1.1500000e+00   2.2701130e+00  -3.9508940e+00   1.4437420e+00  -2.2446140e+00
   9.9445100e-01   1.1776800e+00  -1.1500000e+00   2.2707940e+00  -3.9502440e+00   1.4431890e+00  -2.2449930e+00
   9.9481000e-01   1.1779080e+00  -1.1500000e+00   2.2714670e+00  -3.9496060e+00   1.4426290e+00  -2.2453660e+00
   9.9516600e-01   1.1781340e+00  -1.1500000e+00   2.2721350e+00  -3.9489810e+00   1.4420640e+00  -2.2457340e+00
   9.9552000e-01   1.1783570e+00  -1.1500000e+00   2.2727950e+00  -3.9483680e+00   1.4414920e+00  -2.2460970e+00
   9.9587100e-01   1.1785790e+00  -1.1500000e+00   2.2734500e+00  -3.9477680e+00   1.4409140e+00  -2.2464550e+00
   9.9621900e-01   1.1788000e+00  -1.1500000e+00   2.2740980e+00  -3.9471810e+00   1.4403290e+00  -2.2468080e+00
   9.9656400e-01   1.1790180e+00  -1.1500000e+00   2.2747390e+00  -3.9466060e+00   1.4397400e+00  -2.2471550e+00
   9.9690600e-01   1.1792340e+00  -1.1500000e+00   2.2753740e+00  -3.9460440e+00   1.4391440e+00  -2.2474970e+00
   9.9724600e-01   1.1794480e+00  -1.1500000e+00   2.2760020e+00  -3.9454950e+00   1.4385420e+00  -2.2478340e+00
   9.9758200e-01   1.1796600e+00  -1.1500000e+00   2.2766240e+00  -3.9449590e+00   1.4379350e+00  -2.2481660e+00
   9.9791600e-01   1.1798710e+00  -1.1500000e+00   2.2772400e+00  -3.9444350e+00   1.4373230e+00  -2.2484930e+00
   9.9824700e-01   1.1800790e+00  -1.1500000e+00   2.2778490e+00  -3.9439250e+00   1.4367050e+00  -2.2488140e+00
   9.9857400e-01   1.1802850e+00  -1.1500000e+00   2.2784510e+00  -3.9434270e+00   1.4360810e+00  -2.2491300e+00
   9.9889900e-01   1.1804900e+00  -1.1500000e+00   2.2790470e+00  -3.9429420e+00   1.4354530e+00  -2.2494420e+00
   9.9922100e-01   1.1806920e+00  -1.1500000e+00   2.2796370e+00  -3.9424710e+00   1.4348190e+00  -2.2497480e+00
   9.9954000e-01   1.1808930e+00  -1.1500000e+00   2.2802200e+00  -3.9420120e+00   1.4341800e+00  -2.2500490e+00
   9.9985500e-01   1.1810910e+00  -1.1500000e+00   2.2807960e+00  -3.9415660e+00   1.4335370e+00  -2.2503450e+00
   1.0001670e+00   1.1812880e+00  -1.1500000e+00   2.2813660e+00  -3.9411340e+00   1.4328880e+00  -2.2506350e+00
   1.0004760e+00   1.1814820e+00  -1.1500000e+00   2.2819300e+00  -3.9407150e+00   1.4322350e+00  -2.2509210e+00
   1.0007820e+00   1.1816750e+00  -1.1500000e+00   2.2824870e+00  -3.9403090e+00   1.4315770e+00  -2.2512010e+00
   1.0010850e+00   1.1818650e+00  -1.1500000e+00   2.2830370e+00  -3.9399160e+00   1.4309140e+00  -2.2514770e+00
   1.0013840e+00   1.1820540e+00  -1.1500000e+00   2.2835810e+00  -3.9395360e+00   1.4302480e+00  -2.2517470e+00
   1.0016810e+00   1.1822410e+00  -1.1500000e+00   2.2841190e+00  -3.9391700e+00   1.4295760e+00  -2.2520130e+00
   1.0019730e+00   1.1824250e+00  -1.1500000e+00   2.2846490e+00  -3.9388160e+00   1.4289010e+00  -2.2522730e+00
   1.0022630e+00   1.1826080e+00  -1.1500000e+00   2.2851740e+00  -3.9384760e+00   1.4282220e+00  -2.2525280e+00
   1.0025490e+00   1.1827890e+00  -1.1500000e+00   2.2856920e+00  -3.9381500e+00   1.4275380e+00  -2.2527780e+00
   1.0028310e+00   1.1829680e+00  -1.1500000e+00   2.2862030e+00  -3.9378360e+00   1.4268510e+00  -2.2530230e+00
   1.0031100e+00   1.1831450e+00  -1.1500000e+00   2.2867080e+00  -3.9375370e+00   1.4261600e+00  -2.2532640e+00
   1.0033860e+00   1.1833190e+00  -1.1500000e+00   2.2872070e+00  -3.9372500e+00   1.4254650e+00  -2.2534990e+00
   1.0036580e+00   1.1834920e+00  -1.1500000e+00   2.2876990e+00  -3.9369770e+00   1.4247670e+00  -2.2537290e+00
   1.0039270e+00   1.1836630e+00  -1.1500000e+00   2.2881850e+00  -3.9367170e+00   1.4240650e+00  -2.2539540e+00
   1.0041920e+00   1.1838320e+00  -1.1500000e+00   2.2886640e+00  -3.9364710e+00   1.4233600e+00  -2.2541750e+00
   1.0044530e+00   1.1839990e+00  -1.1500000e+00   2.2891370e+00  -3.9362380e+00   1.4226520e+00  -2.2543900e+00
   1.0047110e+00   1.1841640e+00  -1.1500000e+00   2.2896030e+00  -3.9360180e+00   1.4219400e+00  -2.2546010e+00
   1.0049650e+00   1.1843270e+00  -1.1500000e+00   2.2900630e+00  -3.9358120e+00   1.4212260e+00  -2.2548060e+00
   1.0052150e+00   1.1844890e+00  -1.1500000e+00   2.2905160e+00  -3.9356200e+00   1.4205090e+00  -2.2550070e+00
   1.0054610e+00   1.1846480e+00  -1.1500000e+00   2.2909630e+00  -3.9354410e+00   1.4197890e+00  -2.2552030e+00
   1.0057040e+00   1.1848050e+00  -1.1500000e+00   2.2914030e+00  -3.9352750e+00   1.4190670e+00  -2.2553940e+00
   1.0059430e+00   1.1849610e+00  -1.1500000e+00   2.2918370e+00  -3.9351230e+00   1.4183420e+00  -2.2555800e+00
   1.0061780e+00   1.1851140e+00  -1.1500000e+00   2.2922650e+00  -3.9349840e+00   1.4176140e+00  -2.2557610e+00
   1.0064100e+00   1.1852660e+00  -1.1500000e+00   2.2926860e+00  -3.9348590e+00   1.4168840e+00  -2.2559380e+00
   1.0066370e+00   1.1854160e+00  -1.1500000e+00   2.2931010e+00  -3.9347470e+00   1.4161530e+00  -2.2561090e+00
   1.0068610e+00   1.1855630e+00  -1.1500000e+00   2.2935100e+00  -3.9346490e+00   1.4154190e+00  -2.2562760e+00
   1.0070800e+00   1.1857090e+00  -1.1500000e+00   2.2939120e+00  -3.9345650e+00   1.4146830e+00  -2.2564390e+00
   1.0072960e+00   1.1858530e+00  -1.1500000e+00   2.2943080e+00  -3.9344930e+00   1.4139460e+00  -2.2565960e+00
   1.0075070e+00   1.1859950e+00  -1.1500000e+00   2.2946970e+00  -3.9344360e+00   1.4132060e+00  -2.2567490e+00
   1.0077150e+00   1.1861360e+00  -1.1500000e+00   2.2950800e+00  -3.9343920e+00   1.4124660e+00  -2.2568970e+00
   1.0079190e+00   1.1862740e+00  -1.1500000e+00   2.2954570e+00  -3.9343610e+00   1.4117230e+00  -2.2570410e+00
   1.0081180e+00   1.1864110e+00  -1.1500000e+00   2.2958280e+00  -3.9343440e+00   1.4109800e+00  -2.2571790e+00
   1.0083130e+00   1.1865460e+00  -1.1500000e+00   2.2961920e+00  -3.9343400e+00   1.4102350e+00  -2.2573140e+00
   1.0085050e+00   1.1866790e+00  -1.1500000e+00   2.2965500e+00  -3.9343500e+00   1.4094900e+00  -2.2574430e+00
   1.0086920e+00   1.1868100e+00  -1.1500000e+00   2.2969020e+00  -3.9343730e+00   1.4087430e+00  -2.2575680e+00
   1.0088740e+00   1.1869390e+00  -1.1500000e+00   2.2972470e+00  -3.9344090e+00   1.4079960e+00  -2.2576890e+00
   1.0090530e+00   1.1870660e+00  -1.1500000e+00   2.2975860e+00  -3.9344590e+00   1.4072480e+00  -2.2578050e+00
   1.0092270e+00   1.1871920e+00  -1.1500000e+00   2.2979190e+00  -3.9345230e+00   1.4064990e+00  -2.2579170e+00
   1.0093980e+00   1.1873160e+00  -1.1500000e+00   2.2982460e+00  -3.9346000e+00   1.4057500e+00  -2.2580240e+00
   1.0095630e+00   1.1874380e+00  -1.1500000e+00   2.2985670e+00  -3.9346900e+00   1.4050010e+00  -2.2581260e+00
   1.0097250e+00   1.1875590e+00  -1.1500000e+00   2.2988810e+00  -3.9347930e+00   1.4042520e+00  -2.2582240e+00
   1.0098820e+00   1.1876770e+00  -1.1500000e+00   2.2991890e+00  -3.9349100e+00   1.4035020e+00  -2.2583180e+00
   1.0100350e+00   1.1877940e+00  -1.1500000e+00   2.2994910e+00  -3.9350410e+00   1.4027530e+00  -2.2584080e+00
   1.0101830e+00   1.1879090e+00  -1.1500000e+00   2.2997870e+00  -3.9351840e+00   1.4020040e+00  -2.2584930e+00
   1.0103270e+00   1.1880230e+00  -1.1500000e+00   2.3000770e+00  -3.9353410e+00   1.4012550e+00  -2.2585740e+00
   1.0104670e+00   1.1881350e+00  -1.1500000e+00   2.3003610e+00  -3.9355110e+00   1.4005060e+00  -2.2586500e+00
   1.0106020e+00   1.1882450e+00  -1.1500000e+00   2.3006380e+00  -3.9356940e+00   1.3997590e+00  -2.2587220e+00
   1.0107320e+00   1.1883530e+00  -1.1500000e+00   2.3009100e+00  -3.9358910e+00   1.3990120e+00  -2.2587900e+00
   1.0108580e+00   1.1884600e+00  -1.1500000e+00   2.3011750e+00  -3.9361010e+00   1.3982660e+00  -2.2588540e+00
   1.0109800e+00   1.1885650e+00  -1.1500000e+00   2.3014350e+00  -3.9363230e+00   1.3975200e+00  -2.2589140e+00
   1.0110970e+00   1.1886690e+00  -1.1500000e+00   2.3016880e+00  -3.9365590e+00   1.3967760e+00  -2.2589700e+00
   1.0112090e+00   1.1887710e+00  -1.1500000e+00   2.3019360e+00  -3.9368080e+00   1.3960340e+00  -2.2590210e+00
   1.0113170e+00   1.1888710e+00  -1.1500000e+00   2.3021770e+00  -3.9370700e+00   1.3952920e+00  -2.2590680e+00
   1.0114200e+00   1.1889700e+00  -1.1500000e+00   2.3024130e+00  -3.9373450e+00   1.3945520e+00  -2.2591120e+00
   1.0115180e+00   1.1890670e+00  -1.1500000e+00   2.3026420e+00  -3.9376330e+00   1.3938140e+00  -2.2591510e+00
   1.0116120e+00   1.1891620e+00  -1.1500000e+00   2.3028660e+00  -3.9379340e+00   1.3930770e+00  -2.2591870e+00
   1.0117010e+00   1.1892560e+00  -1.1500000e+00   2.3030840e+00  -3.9382480e+00   1.3923430e+00  -2.2592180e+00
   1.0117860e+00   1.1893490e+00  -1.1500000e+00   2.3032960e+00  -3.9385750e+00   1.3916100e+00  -2.2592460e+00
   1.0118650e+00   1.1894400e+00  -1.1500000e+00   2.3035020e+00  -3.9389140e+00   1.3908790e+00  -2.2592700e+00
   1.0119400e+00   1.1895290e+00  -1.1500000e+00   2.3037020e+00  -3.9392670e+00   1.3901510e+00  -2.2592890e+00
   1.0120100e+00   1.1896170e+00  -1.1500000e+00   2.3038970e+00  -3.9396320e+00   1.3894250e+00  -2.2593060e+00
   1.0120750e+00   1.1897040e+00  -1.1500000e+00   2.3040850e+00  -3.9400090e+00   1.3887020e+00  -2.2593180e+00
   1.0121360e+00   1.1897890e+00  -1.1500000e+00   2.3042680e+00  -3.9404000e+00   1.3879810e+00  -2.2593270e+00
   1.0121920e+00   1.1898730e+00  -1.1500000e+00   2.3044460e+00  -3.9408020e+00   1.3872630e+00  -2.2593320e+00
   1.0122420e+00   1.1899550e+00  -1.1500000e+00   2.3046170e+00  -3.9412180e+00   1.3865480e+00  -2.2593330e+00
   1.0122880e+00   1.1900360e+00  -1.1500000e+00   2.3047830e+00  -3.9416460e+00   1.3858360e+00  -2.2593310e+00
   1.0123290e+00   1.1901150e+00  -1.1500000e+00   2.3049430e+00  -3.9420860e+00   1.3851270e+00  -2.2593250e+00
   1.0123650e+00   1.1901930e+00  -1.1500000e+00   2.3050970e+00  -3.9425390e+00   1.3844220e+00  -2.2593160e+00
   1.0123970e+00   1.1902700e+00  -1.1500000e+00   2.3052460e+00  -3.9430040e+00   1.3837200e+00  -2.2593030e+00
   1.0124230e+00   1.1903460e+00  -1.1500000e+00   2.3053890e+00  -3.9434810e+00   1.3830210e+00  -2.2592870e+00
   1.0124440e+00   1.1904200e+00  -1.1500000e+00   2.3055270e+00  -3.9439700e+00   1.3823260e+00  -2.2592680e+00
   1.0124600e+00   1.1904930e+00  -1.1500000e+00   2.3056590e+00  -3.9444720e+00   1.3816350e+00  -2.2592450e+00
   1.0124720e+00   1.1905640e+00  -1.1500000e+00   2.3057850e+00  -3.9449850e+00   1.3809470e+00  -2.2592190e+00
   1.0124780e+00   1.1906340e+00  -1.1500000e+00   2.3059060e+00  -3.9455110e+00   1.3802640e+00  -2.2591890e+00
   1.0124790e+00   1.1907040e+00  -1.1500000e+00   2.3060220e+00  -3.9460490e+00   1.3795850e+00  -2.2591570e+00
   1.0124760e+00   1.1907710e+00  -1.1500000e+00   2.3061320e+00  -3.9465980e+00   1.3789100e+00  -2.2591210e+00
   1.0124670e+00   1.1908380e+00  -1.1500000e+00   2.3062370e+00  -3.9471600e+00   1.3782400e+00  -2.2590820e+00
   1.0124530e+00   1.1909040e+00  -1.1500000e+00   2.3063360e+00  -3.9477330e+00   1.3775740e+00  -2.2590400e+00
   1.0124340e+00   1.1909680e+00  -1.1500000e+00   2.3064300e+00  -3.9483180e+00   1.3769120e+00  -2.2589950e+00
   1.0124100e+00   1.1910310e+00  -1.1500000e+00   2.3065180e+00  -3.9489140e+00   1.3762560e+00  -2.2589470e+00
   1.0123810e+00   1.1910930e+00  -1.1500000e+00   2.3066010e+00  -3.9495220e+00   1.3756040e+00  -2.2588960e+00
   1.0123470e+00   1.1911540e+00  -1.1500000e+00   2.3066790e+00  -3.9501410e+00   1.3749570e+00  -2.2588420e+00
   1.0123080e+00   1.1912140e+00  -1.1500000e+00   2.3067520e+00  -3.9507720e+00   1.3743150e+00  -2.2587850e+00
   1.0122630e+00   1.1912730e+00  -1.1500000e+00   2.3068190e+00  -3.9514140e+00   1.3736790e+00  -2.2587260e+00
   1.0122130e+00   1.1913300e+00  -1.1500000e+00   2.3068810e+00  -3.9520680e+00   1.3730480e+00  -2.2586640e+00
   1.0121590e+00   1.1913870e+00  -1.1500000e+00   2.3069380e+00  -3.9527320e+00   1.3724220e+00  -2.2585990e+00
   1.0120990e+00   1.1914430e+00  -1.1500000e+00   2.3069900e+00  -3.9534080e+00   1.3718020e+00  -2.2585310e+00
   1.0120340e+00   1.1914980e+00  -1.1500000e+00   2.3070360e+00  -3.9540950e+00   1.3711880e+00  -2.2584610e+00
   1.0119630e+00   1.1915510e+00  -1.1500000e+00   2.3070780e+00  -3.9547930e+00   1.3705790e+00  -2.2583890e+00
   1.0118880e+00   1.1916040e+00  -1.1500000e+00   2.3071140e+00  -3.9555010e+00   1.3699770e+00  -2.2583130e+00
   1.0118070e+00   1.1916560e+00  -1.1500000e+00   2.3071450e+00  -3.9562200e+00   1.3693800e+00  -2.2582360e+00
   1.0117210e+00   1.1917070e+00  -1.1500000e+00   2.3071720e+00  -3.9569500e+00   1.3687900e+00  -2.2581560e+00
   1.0116300e+00   1.1917570e+00  -1.1500000e+00   2.3071930e+00  -3.9576910e+00   1.3682050e+00  -2.2580740e+00
   1.0115340e+00   1.1918070e+00  -1.1500000e+00   2.3072090e+00  -3.9584420e+00   1.3676280e+00  -2.2579890e+00
   1.0114320e+00   1.1918550e+00  -1.1500000e+00   2.3072200e+00  -3.9592040e+00   1.3670560e+00  -2.2579020e+00
   1.0113250e+00   1.1919030e+00  -1.1500000e+00   2.3072270e+00  -3.9599750e+00   1.3664910e+00  -2.2578130e+00
   1.0112130e+00   1.1919500e+00  -1.1500000e+00   2.3072280e+00  -3.9607580e+00   1.3659330e+00  -2.2577220e+00
   1.0110960e+00   1.1919960e+00  -1.1500000e+00   2.3072250e+00  -3.9615500e+00   1.3653820e+00  -2.2576290e+00
   1.0109730e+00   1.1920410e+00  -1.1500000e+00   2.3072160e+00  -3.9623520e+00   1.3648370e+00  -2.2575340e+00
   1.0108450e+00   1.1920850e+00  -1.1500000e+00   2.3072030e+00  -3.9631640e+00   1.3643000e+00  -2.2574370e+00
   1.0107120e+00   1.1921290e+00  -1.1500000e+00   2.3071850e+00  -3.9639870e+00   1.3637700e+00  -2.2573380e+00
   1.0105740e+00   1.1921720e+00  -1.1500000e+00   2.3071630e+00  -3.9648190e+00   1.3632470e+00  -2.2572370e+00
   1.0104300e+00   1.1922150e+00  -1.1500000e+00   2.3071350e+00  -3.9656600e+00   1.3627310e+00  -2.2571340e+00
   1.0102810e+00   1.1922570e+00  -1.1500000e+00   2.3071030e+00  -3.9665120e+00   1.3622220e+00  -2.2570300e+00
   1.0101270e+00   1.1922980e+00  -1.1500000e+00   2.3070670e+00  -3.9673720e+00   1.3617210e+00  -2.2569240e+00
   1.0099670e+00   1.1923390e+00  -1.1500000e+00   2.3070250e+00  -3.9682420e+00   1.3612280e+00  -2.2568160e+00
   1.0098020e+00   1.1923790e+00  -1.1500000e+00   2.3069790e+00  -3.9691220e+00   1.3607420e+00  -2.2567070e+00
   1.0096320e+00   1.1924180e+00  -1.1500000e+00   2.3069290e+00  -3.9700100e+00   1.3602650e+00  -2.2565960e+00
   1.0094570e+00   1.1924570e+00  -1.1500000e+00   2.3068740e+00  -3.9709080e+00   1.3597950e+00  -2.2564840e+00
   1.0092760e+00   1.1924950e+00  -1.1500000e+00   2.3068140e+00  -3.9718150e+00   1.3593330e+00  -2.2563710e+00
   1.0090900e+00   1.1925330e+00  -1.1500000e+00   2.3067500e+00  -3.9727300e+00   1.3588790e+00  -2.2562560e+00
   1.0088990e+00   1.1925710e+00  -1.1500000e+00   2.3066810e+00  -3.9736550e+00   1.3584330e+00  -2.2561400e+00
   1.0087020e+00   1.1926070e+00  -1.1500000e+00   2.3066080e+00  -3.9745880e+00   1.3579960e+00  -2.2560230e+00
   1.0085000e+00   1.1926440e+00  -1.1500000e+00   2.3065310e+00  -3.9755290e+00   1.3575670e+00  -2.2559040e+00
   1.0082930e+00   1.1926800e+00  -1.1500000e+00   2.3064490e+00  -3.9764790e+00   1.3571460e+00  -2.2557850e+00
   1.0080810e+00   1.1927160e+00  -1.1500000e+00   2.3063620e+00  -3.9774370e+00   1.3567340e+00  -2.2556640e+00
   1.0078630e+00   1.1927510e+00  -1.1500000e+00   2.3062720e+00  -3.9784040e+00   1.3563300e+00  -2.2555430e+00
   1.0076400e+00   1.1927860e+00  -1.1500000e+00   2.3061770e+00  -3.9793790e+00   1.3559360e+00  -2.2554200e+00
   1.0074120e+00   1.1928210e+00  -1.1500000e+00   2.3060780e+00  -3.9803610e+00   1.3555500e+00  -2.2552970e+00
   1.0071780e+00   1.1928550e+00  -1.1500000e+00   2.3059740e+00  -3.9813520e+00   1.3551720e+00  -2.2551730e+00
   1.0069390e+00   1.1928890e+00  -1.1500000e+00   2.3058670e+00  -3.9823500e+00   1.3548040e+00  -2.2550480e+00
   1.0066950e+00   1.1929230e+00  -1.1500000e+00   2.3057550e+00  -3.9833560e+00   1.3544450e+00  -2.2549230e+00
   1.0064460e+00   1.1929560e+00  -1.1500000e+00   2.3056390e+00  -3.9843700e+00   1.3540950e+00  -2.2547970e+00
   1.0061920e+00   1.1929890e+00  -1.1500000e+00   2.3055190e+00  -3.9853910e+00   1.3537540e+00  -2.2546700e+00
   1.0059320e+00   1.1930220e+00  -1.1500000e+00   2.3053950e+00  -3.9864190e+00   1.3534220e+00  -2.2545430e+00
   1.0056670e+00   1.1930550e+00  -1.1500000e+00   2.3052670e+00  -3.9874550e+00   1.3531000e+00  -2.2544160e+00
   1.0053960e+00   1.1930880e+00  -1.1500000e+00   2.3051350e+00  -3.9884970e+00   1.3527870e+00  -2.2542880e+00
   1.0051210e+00   1.1931200e+00  -1.1500000e+00   2.3049990e+00  -3.9895470e+00   1.3524830e+00  -2.2541600e+00
   1.0048400e+00   1.1931530e+00  -1.1500000e+00   2.3048580e+00  -3.9906030e+00   1.3521900e+00  -2.2540310e+00
   1.0045540e+00   1.1931850e+00  -1.1500000e+00   2.3047140e+00  -3.9916660e+00   1.3519050e+00  -2.2539030e+00
   1.0042630e+00   1.1932170e+00  -1.1500000e+00   2.3045660e+00  -3.9927360e+00   1.3516300e+00  -2.2537740e+00
   1.0039670e+00   1.1932500e+00  -1.1500000e+00   2.3044140e+00  -3.9938120e+00   1.3513660e+00  -2.2536450e+00
   1.0036650e+00   1.1932820e+00  -1.1500000e+00   2.3042590e+00  -3.9948950e+00   1.3511100e+00  -2.2535170e+00
   1.0033580e+00   1.1933140e+00  -1.1500000e+00   2.3040990e+00  -3.9959840e+00   1.3508650e+00  -2.2533880e+00
   1.0030470e+00   1.1933460e+00  -1.1500000e+00   2.3039350e+00  -3.9970790e+00   1.3506300e+00  -2.2532590e+00
   1.0027300e+00   1.1933780e+00  -1.1500000e+00   2.3037680e+00  -3.9981800e+00   1.3504040e+00  -2.2531310e+00
   1.0024070e+00   1.1934100e+00  -1.1500000e+00   2.3035970e+00  -3.9992860e+00   1.3501890e+00  -2.2530030e+00
   1.0020800e+00   1.1934420e+00  -1.1500000e+00   2.3034230e+00  -4.0003990e+00   1.3499840e+00  -2.2528750e+00
   1.0017480e+00   1.1934750e+00  -1.1500000e+00   2.3032440e+00  -4.0015170e+00   1.3497890e+00  -2.2527480e+00
   1.0014100e+00   1.1935070e+00  -1.1500000e+00   2.3030620e+00  -4.0026410e+00   1.3496040e+00  -2.2526210e+00
   1.0010680e+00   1.1935390e+00  -1.1500000e+00   2.3028770e+00  -4.0037700e+00   1.3494290e+00  -2.2524940e+00
   1.0007200e+00   1.1935720e+00  -1.1500000e+00   2.3026880e+00  -4.0049040e+00   1.3492650e+00  -2.2523680e+00
   1.0003670e+00   1.1936050e+00  -1.1500000e+00   2.3024950e+00  -4.0060440e+00   1.3491110e+00  -2.2522430e+00
   1.0000090e+00   1.1936380e+00  -1.1500000e+00   2.3022990e+00  -4.0071880e+00   1.3489680e+00  -2.2521180e+00
   9.9964600e-01   1.1936710e+00  -1.1500000e+00   2.3020990e+00  -4.0083370e+00   1.3488350e+00  -2.2519940e+00
   9.9927800e-01   1.1937040e+00  -1.1500000e+00   2.3018950e+00  -4.0094910e+00   1.3487120e+00  -2.2518710e+00
   9.9890600e-01   1.1937380e+00  -1.1500000e+00   2.3016890e+00  -4.0106500e+00   1.3486000e+00  -2.2517480e+00
   9.9852800e-01   1.1937710e+00  -1.1500000e+00   2.3014790e+00  -4.0118130e+00   1.3484990e+00  -2.2516270e+00
   9.9814500e-01   1.1938050e+00  -1.1500000e+00   2.3012650e+00  -4.0129800e+00   1.3484080e+00  -2.2515060e+00
   9.9775700e-01   1.1938400e+00  -1.1500000e+00   2.3010480e+00  -4.0141520e+00   1.3483280e+00  -2.2513870e+00
   9.9736400e-01   1.1938740e+00  -1.1500000e+00   2.3008280e+00  -4.0153270e+00   1.3482590e+00  -2.2512680e+00
   9.9696600e-01   1.1939090e+00  -1.1500000e+00   2.3006040e+00  -4.0165070e+00   1.3482000e+00  -2.2511510e+00
   9.9656300e-01   1.1939450e+00  -1.1500000e+00   2.3003770e+00  -4.0176910e+00   1.3481530e+00  -2.2510340e+00
   9.9615600e-01   1.1939800e+00  -1.1500000e+00   2.3001470e+00  -4.0188780e+00   1.3481160e+00  -2.2509190e+00
   9.9574300e-01   1.1940160e+00  -1.1500000e+00   2.2999140e+00  -4.0200690e+00   1.3480890e+00  -2.2508060e+00
   9.9532600e-01   1.1940520e+00  -1.1500000e+00   2.2996770e+00  -4.0212630e+00   1.3480740e+00  -2.2506930e+00
   9.9490400e-01   1.1940890e+00  -1.1500000e+00   2.2994370e+00  -4.0224600e+00   1.3480700e+00  -2.2505820e+00
   9.9447700e-01   1.1941260e+00  -1.1500000e+00   2.2991940e+00  -4.0236610e+00   1.3480770e+00  -2.2504720e+00
   9.9404500e-01   1.1941640e+00  -1.1500000e+00   2.2989480e+00  -4.0248650e+00   1.3480940e+00  -2.2503640e+00
   9.9360800e-01   1.1942020e+00  -1.1500000e+00   2.2986990e+00  -4.0260710e+00   1.3481230e+00  -2.2502580e+00
   9.9316700e-01   1.1942400e+00  -1.1500000e+00   2.2984470e+00  -4.0272810e+00   1.3481620e+00  -2.2501530e+00
   9.9272100e-01   1.1942790e+00  -1.1500000e+00   2.2981920e+00  -4.0284930e+00   1.3482130e+00  -2.2500490e+00
   9.9227000e-01   1.1943190e+00  -1.1500000e+00   2.2979330e+00  -4.0297080e+00   1.3482740e+00  -2.2499480e+00
   9.9181500e-01   1.1943590e+00  -1.1500000e+00   2.2976720e+00  -4.0309250e+00   1.3483470e+00  -2.2498480e+00
   9.9135400e-01   1.1943990e+00  -1.1500000e+00   2.2974080e+00  -4.0321440e+00   1.3484310e+00  -2.2497500e+00
   9.9088900e-01   1.1944400e+00  -1.1500000e+00   2.2971410e+00  -4.0333650e+00   1.3485260e+00  -2.2496530e+00
   9.9042000e-01   1.1944820e+00  -1.1500000e+00   2.2968710e+00  -4.0345890e+00   1.3486320e+00  -2.2495590e+00
   9.8994600e-01   1.1945240e+00  -1.1500000e+00   2.2965980e+00  -4.0358140e+00   1.3487490e+00  -2.2494660e+00
   9.8946700e-01   1.1945670e+00  -1.1500000e+00   2.2963220e+00  -4.0370410e+00   1.3488770e+00  -2.2493760e+00
   9.8898300e-01   1.1946100e+00  -1.1500000e+00   2.2960430e+00  -4.0382700e+00   1.3490170e+00  -2.2492870e+00
   9.8849600e-01   1.1946540e+00  -1.1500000e+00   2.2957620e+00  -4.0395000e+00   1.3491680e+00  -2.2492010e+00
   9.8800300e-01   1.1946990e+00  -1.1500000e+00   2.2954770e+00  -4.0407310e+00   1.3493290e+00  -2.2491170e+00
   9.8750600e-01   1.1947440e+00  -1.1500000e+00   2.2951900e+00  -4.0419640e+00   1.3495020e+00  -2.2490340e+00
   9.8700500e-01   1.1947900e+00  -1.1500000e+00   2.2949010e+00  -4.0431980e+00   1.3496860e+00  -2.2489540e+00
   9.8649900e-01   1.1948360e+00  -1.1500000e+00   2.2946080e+00  -4.0444330e+00   1.3498820e+00  -2.2488770e+00
   9.8598800e-01   1.1948830e+00  -1.1500000e+00   2.2943130e+00  -4.0456680e+00   1.3500880e+00  -2.2488010e+00
   9.8547400e-01   1.1949310e+00  -1.1500000e+00   2.2940150e+00  -4.0469050e+00   1.3503060e+00  -2.2487280e+00
   9.8495500e-01   1.1949800e+00  -1.1500000e+00   2.2937150e+00  -4.0481420e+00   1.3505350e+00  -2.2486570e+00
   9.8443100e-01   1.1950290e+00  -1.1500000e+00   2.2934120e+00  -4.0493790e+00   1.3507750e+00  -2.2485890e+00
   9.8390300e-01   1.1950790e+00  -1.1500000e+00   2.2931060e+00  -4.0506170e+00   1.3510260e+00  -2.2485230e+00
   9.8337100e-01   1.1951300e+00  -1.1500000e+00   2.2927980e+00  -4.0518550e+00   1.3512880e+00  -2.2484590e+00
   9.8283500e-01   1.1951810e+00  -1.1500000e+00   2.2924870e+00  -4.0530930e+00   1.3515620e+00  -2.2483980e+00
   9.8229400e-01   1.1952340e+00  -1.1500000e+00   2.2921740e+00  -4.0543310e+00   1.3518460e+00  -2.2483400e+00
   9.8174900e-01   1.1952870e+00  -1.1500000e+00   2.2918580e+00  -4.0555680e+00   1.3521420e+00  -2.2482840e+00
   9.8120000e-01   1.1953410e+00  -1.1500000e+00   2.2915400e+00  -4.0568060e+00   1.3524490e+00  -2.2482310e+00
   9.8064700e-01   1.1953950e+00  -1.1500000e+00   2.2912190e+00  -4.0580430e+00   1.3527670e+00  -2.2481800e+00
   9.8009000e-01   1.1954510e+00  -1.1500000e+00   2.2908960e+00  -4.0592790e+00   1.3530960e+00  -2.2481320e+00
   9.7952800e-01   1.1955070e+00  -1.1500000e+00   2.2905710e+00  -4.0605150e+00   1.3534360e+00  -2.2480870e+00
   9.7896300e-01   1.1955640e+00  -1.1500000e+00   2.2902430e+00  -4.0617500e+00   1.3537870e+00  -2.2480450e+00
   9.7839300e-01   1.1956220e+00  -1.1500000e+00   2.2899130e+00  -4.0629840e+00   1.3541490e+00  -2.2480050e+00
   9.7781900e-01   1.1956800e+00  -1.1500000e+00   2.2895800e+00  -4.0642170e+00   1.3545220e+00  -2.2479680e+00
   9.7724200e-01   1.1957400e+00  -1.1500000e+00   2.2892460e+00  -4.0654490e+00   1.3549060e+00  -2.2479340e+00
   9.7666000e-01   1.1958000e+00  -1.1500000e+00   2.2889080e+00  -4.0666800e+00   1.3553010e+00  -2.2479020e+00
   9.7607500e-01   1.1958620e+00  -1.1500000e+00   2.2885690e+00  -4.0679090e+00   1.3557070e+00  -2.2478740e+00
   9.7548500e-01   1.1959240e+00  -1.1500000e+00   2.2882270e+00  -4.0691360e+00   1.3561240e+00  -2.2478480e+00
   9.7489200e-01   1.1959870e+00  -1.1500000e+00   2.2878830e+00  -4.0703620e+00   1.3565520e+00  -2.2478260e+00
   9.7429500e-01   1.1960510e+00  -1.1500000e+00   2.2875370e+00  -4.0715860e+00   1.3569910e+00  -2.2478060e+00
   9.7369400e-01   1.1961150e+00  -1.1500000e+00   2.2871890e+00  -4.0728090e+00   1.3574400e+00  -2.2477890e+00
   9.7308900e-01   1.1961810e+00  -1.1500000e+00   2.2868390e+00  -4.0740290e+00   1.3579010e+00  -2.2477750e+00
   9.7248000e-01   1.1962480e+00  -1.1500000e+00   2.2864860e+00  -4.0752470e+00   1.3583720e+00  -2.2477640e+00
   9.7186800e-01   1.1963150e+00  -1.1500000e+00   2.2861320e+00  -4.0764630e+00   1.3588530e+00  -2.2477570e+00
   9.7125200e-01   1.1963840e+00  -1.1500000e+00   2.2857750e+00  -4.0776760e+00   1.3593460e+00  -2.2477520e+00
   9.7063200e-01   1.1964530e+00  -1.1500000e+00   2.2854160e+00  -4.0788880e+00   1.3598490e+00  -2.2477500e+00
   9.7000900e-01   1.1965230e+00  -1.1500000e+00   2.2850550e+00  -4.0800960e+00   1.3603630e+00  -2.2477510e+00
   9.6938200e-01   1.1965950e+00  -1.1500000e+00   2.2846920e+00  -4.0813020e+00   1.3608870e+00  -2.2477560e+00
   9.6875200e-01   1.1966670e+00  -1.1500000e+00   2.2843270e+00  -4.0825050e+00   1.3614220e+00  -2.2477630e+00
   9.6811800e-01   1.1967400e+00  -1.1500000e+00   2.2839600e+00  -4.0837050e+00   1.3619670e+00  -2.2477740e+00
   9.6748000e-01   1.1968140e+00  -1.1500000e+00   2.2835910e+00  -4.0849020e+00   1.3625230e+00  -2.2477870e+00
   9.6683900e-01   1.1968890e+00  -1.1500000e+00   2.2832200e+00  -4.0860950e+00   1.3630890e+00  -2.2478040e+00
   9.6619500e-01   1.1969650e+00  -1.1500000e+00   2.2828470e+00  -4.0872860e+00   1.3636650e+00  -2.2478240e+00
   9.6554700e-01   1.1970420e+00  -1.1500000e+00   2.2824730e+00  -4.0884730e+00   1.3642520e+00  -2.2478470e+00
   9.6489600e-01   1.1971200e+00  -1.1500000e+00   2.2820960e+00  -4.0896570e+00   1.3648490e+00  -2.2478730e+00
   9.6424100e-01   1.1971990e+00  -1.1500000e+00   2.2817170e+00  -4.0908370e+00   1.3654560e+00  -2.2479020e+00
   9.6358400e-01   1.1972780e+00  -1.1500000e+00   2.2813370e+00  -4.0920130e+00   1.3660730e+00  -2.2479340e+00
   9.6292300e-01   1.1973590e+00  -1.1500000e+00   2.2809540e+00  -4.0931850e+00   1.3667010e+00  -2.2479700e+00
   9.6225800e-01   1.1974410e+00  -1.1500000e+00   2.2805700e+00  -4.0943540e+00   1.3673380e+00  -2.2480080e+00
   9.6159100e-01   1.1975240e+00  -1.1500000e+00   2.2801840e+00  -4.0955190e+00   1.3679860e+00  -2.2480500e+00
   9.6092000e-01   1.1976080e+00  -1.1500000e+00   2.2797970e+00  -4.0966790e+00   1.3686430e+00  -2.2480950e+00
   9.6024600e-01   1.1976920e+00  -1.1500000e+00   2.2794070e+00  -4.0978350e+00   1.3693100e+00  -2.2481430e+00
   9.5957000e-01   1.1977780e+00  -1.1500000e+00   2.2790160e+00  -4.0989870e+00   1.3699870e+00  -2.2481940e+00
   9.5889000e-01   1.1978650e+00  -1.1500000e+00   2.2786230e+00  -4.1001350e+00   1.3706740e+00  -2.2482480e+00
   9.5820700e-01   1.1979530e+00  -1.1500000e+00   2.2782280e+00  -4.1012780e+00   1.3713710e+00  -2.2483050e+00
   9.5752100e-01   1.1980410e+00  -1.1500000e+00   2.2778310e+00  -4.1024160e+00   1.3720770e+00  -2.2483660e+00
   9.5683200e-01   1.1981310e+00  -1.1500000e+00   2.2774330e+00  -4.1035490e+00   1.3727920e+00  -2.2484290e+00
   9.5614000e-01   1.1982220e+00  -1.1500000e+00   2.2770330e+00  -4.1046780e+00   1.3735180e+00  -2.2484960e+00
   9.5544500e-01   1.1983130e+00  -1.1500000e+00   2.2766310e+00  -4.1058020e+00   1.3742520e+00  -2.2485660e+00
   9.5474800e-01   1.1984060e+00  -1.1500000e+00   2.2762280e+00  -4.1069210e+00   1.3749960e+00  -2.2486390e+00
   9.5404700e-01   1.1985000e+00  -1.1500000e+00   2.2758230e+00  -4.1080350e+00   1.3757500e+00  -2.2487150e+00
   9.5334400e-01   1.1985940e+00  -1.1500000e+00   2.2754170e+00  -4.1091430e+00   1.3765120e+00  -2.2487930e+00
   9.5263800e-01   1.1986900e+00  -1.1500000e+00   2.2750080e+00  -4.1102460e+00   1.3772840e+00  -2.2488750e+00
   9.5193000e-01   1.1987860e+00  -1.1500000e+00   2.2745990e+00  -4.1113440e+00   1.3780650e+00  -2.2489600e+00
   9.5121800e-01   1.1988840e+00  -1.1500000e+00   2.2741870e+00  -4.1124360e+00   1.3788550e+00  -2.2490480e+00
   9.5050500e-01   1.1989830e+00  -1.1500000e+00   2.2737740e+00  -4.1135230e+00   1.3796540e+00  -2.2491390e+00
   9.4978800e-01   1.1990820e+00  -1.1500000e+00   2.2733600e+00  -4.1146040e+00   1.3804610e+00  -2.2492330e+00
   9.4906900e-01   1.1991820e+00  -1.1500000e+00   2.2729440e+00  -4.1156790e+00   1.3812780e+00  -2.2493300e+00
   9.4834800e-01   1.1992840e+00  -1.1500000e+00   2.2725260e+00  -4.1167480e+00   1.3821030e+00  -2.2494300e+00
   9.4762400e-01   1.1993860e+00  -1.1500000e+00   2.2721070e+00  -4.1178120e+00   1.3829370e+00  -2.2495320e+00
   9.4689700e-01   1.1994900e+00  -1.1500000e+00   2.2716870e+00  -4.1188690e+00   1.3837790e+00  -2.2496380e+00
   9.4616800e-01   1.1995940e+00  -1.1500000e+00   2.2712650e+00  -4.1199210e+00   1.3846300e+00  -2.2497460e+00
   9.4543700e-01   1.1996990e+00  -1.1500000e+00   2.2708410e+00  -4.1209660e+00   1.3854900e+00  -2.2498580e+00
   9.4470300e-01   1.1998050e+00  -1.1500000e+00   2.2704160e+00  -4.1220050e+00   1.3863570e+00  -2.2499720e+00
   9.4396800e-01   1.1999130e+00  -1.1500000e+00   2.2699890e+00  -4.1230370e+00   1.3872330e+00  -2.2500890e+00
   9.4322900e-01   1.2000210e+00  -1.1500000e+00   2.2695620e+00  -4.1240630e+00   1.3881180e+00  -2.2502080e+00
   9.4248900e-01   1.2001300e+00  -1.1500000e+00   2.2691320e+00  -4.1250830e+00   1.3890100e+00  -2.2503310e+00
   9.4174700e-01   1.2002400e+00  -1.1500000e+00   2.2687010e+00  -4.1260960e+00   1.3899100e+00  -2.2504550e+00
   9.4100200e-01   1.2003500e+00  -1.1500000e+00   2.2682690e+00  -4.1271020e+00   1.3908180e+00  -2.2505830e+00
   9.4025500e-01   1.2004620e+00  -1.1500000e+00   2.2678360e+00  -4.1281010e+00   1.3917340e+00  -2.2507130e+00
   9.3950600e-01   1.2005750e+00  -1.1500000e+00   2.2674010e+00  -4.1290940e+00   1.3926580e+00  -2.2508460e+00
   9.3875500e-01   1.2006880e+00  -1.1500000e+00   2.2669640e+00  -4.1300800e+00   1.3935890e+00  -2.2509820e+00
   9.3800300e-01   1.2008030e+00  -1.1500000e+00   2.2665260e+00  -4.1310590e+00   1.3945280e+00  -2.2511200e+00
   9.3724800e-01   1.2009180e+00  -1.1500000e+00   2.2660870e+00  -4.1320300e+00   1.3954750e+00  -2.2512600e+00
   9.3649100e-01   1.2010340e+00  -1.1500000e+00   2.2656470e+00  -4.1329950e+00   1.3964280e+00  -2.2514030e+00
   9.3573200e-01   1.2011510e+00  -1.1500000e+00   2.2652050e+00  -4.1339520e+00   1.3973900e+00  -2.2515480e+00
   9.3497200e-01   1.2012690e+00  -1.1500000e+00   2.2647620e+00  -4.1349020e+00   1.3983580e+00  -2.2516960e+00
   9.3421000e-01   1.2013880e+00  -1.1500000e+00   2.2643170e+00  -4.1358450e+00   1.3993330e+00  -2.2518460e+00
   9.3344600e-01   1.2015080e+00  -1.1500000e+00   2.2638720e+00  -4.1367810e+00   1.4003160e+00  -2.2519990e+00
   9.3268000e-01   1.2016280e+00  -1.1500000e+00   2.2634250e+00  -4.1377080e+00   1.4013050e+00  -2.2521530e+00
   9.3191300e-01   1.2017500e+00  -1.1500000e+00   2.2629760e+00  -4.1386290e+00   1.4023010e+00  -2.2523100e+00
   9.3114400e-01   1.2018720e+00  -1.1500000e+00   2.2625270e+00  -4.1395420e+00   1.4033040e+00  -2.2524690e+00
   9.3037300e-01   1.2019950e+00  -1.1500000e+00   2.2620760e+00  -4.1404470e+00   1.4043140e+00  -2.2526300e+00
   9.2960100e-01   1.2021180e+00  -1.1500000e+00   2.2616230e+00  -4.1413440e+00   1.4053300e+00  -2.2527940e+00
   9.2882700e-01   1.2022430e+00  -1.1500000e+00   2.2611700e+00  -4.1422330e+00   1.4063520e+00  -2.2529590e+00
   9.2805200e-01   1.2023680e+00  -1.1500000e+00   2.2607150e+00  -4.1431150e+00   1.4073810e+00  -2.2531260e+00
   9.2727500e-01   1.2024940e+00  -1.1500000e+00   2.2602590e+00  -4.1439890e+00   1.4084160e+00  -2.2532950e+00
   9.2649700e-01   1.2026210e+00  -1.1500000e+00   2.2598020e+00  -4.1448550e+00   1.4094570e+00  -2.2534670e+00
   9.2571800e-01   1.2027480e+00  -1.1500000e+00   2.2593430e+00  -4.1457120e+00   1.4105050e+00  -2.2536400e+00
   9.2493700e-01   1.2028760e+00  -1.1500000e+00   2.2588840e+00  -4.1465620e+00   1.4115580e+00  -2.2538140e+00
   9.2415500e-01   1.2030050e+00  -1.1500000e+00   2.2584230e+00  -4.1474040e+00   1.4126170e+00  -2.2539910e+00
   9.2337200e-01   1.2031350e+00  -1.1500000e+00   2.2579610e+00  -4.1482370e+00   1.4136820e+00  -2.2541690e+00
   9.2258700e-01   1.2032650e+00  -1.1500000e+00   2.2574970e+00  -4.1490620e+00   1.4147520e+00  -2.2543490e+00
   9.2180100e-01   1.2033960e+00  -1.1500000e+00   2.2570330e+00  -4.1498780e+00   1.4158280e+00  -2.2545310e+00
   9.2101500e-01   1.2035280e+00  -1.1500000e+00   2.2565670e+00  -4.1506870e+00   1.4169090e+00  -2.2547140e+00
   9.2022700e-01   1.2036600e+00  -1.1500000e+00   2.2561000e+00  -4.1514870e+00   1.4179960e+00  -2.2548980e+00
   9.1943800e-01   1.2037930e+00  -1.1500000e+00   2.2556320e+00  -4.1522780e+00   1.4190870e+00  -2.2550850e+00
   9.1864800e-01   1.2039270e+00  -1.1500000e+00   2.2551630e+00  -4.1530610e+00   1.4201840e+00  -2.2552720e+00
   9.1785700e-01   1.2040610e+00  -1.1500000e+00   2.2546920e+00  -4.1538350e+00   1.4212860e+00  -2.2554610e+00
   9.1706500e-01   1.2041960e+00  -1.1500000e+00   2.2542200e+00  -4.1546010e+00   1.4223930e+00  -2.2556510e+00
   9.1627200e-01   1.2043310e+00  -1.1500000e+00   2.2537480e+00  -4.1553580e+00   1.4235040e+00  -2.2558420e+00
   9.1547800e-01   1.2044670e+00  -1.1500000e+00   2.2532730e+00  -4.1561060e+00   1.4246200e+00  -2.2560350e+00
   9.1468400e-01   1.2046030e+00  -1.1500000e+00   2.2527980e+00  -4.1568460e+00   1.4257410e+00  -2.2562280e+00
   9.1388900e-01   1.2047400e+00  -1.1500000e+00   2.2523220e+00  -4.1575770e+00   1.4268660e+00  -2.2564230e+00
   9.1309300e-01   1.2048780e+00  -1.1500000e+00   2.2518440e+00  -4.1582980e+00   1.4279950e+00  -2.2566190e+00
   9.1229600e-01   1.2050160e+00  -1.1500000e+00   2.2513660e+00  -4.1590110e+00   1.4291290e+00  -2.2568150e+00
   9.1149900e-01   1.2051540e+00  -1.1500000e+00   2.2508860e+00  -4.1597150e+00   1.4302660e+00  -2.2570130e+00
   9.1070100e-01   1.2052930e+00  -1.1500000e+00   2.2504050e+00  -4.1604110e+00   1.4314080e+00  -2.2572110e+00
   9.0990200e-01   1.2054330e+00  -1.1500000e+00   2.2499230e+00  -4.1610970e+00   1.4325540e+00  -2.2574100e+00
   9.0910300e-01   1.2055720e+00  -1.1500000e+00   2.2494390e+00  -4.1617740e+00   1.4337030e+00  -2.2576100e+00
   9.0830300e-01   1.2057130e+00  -1.1500000e+00   2.2489550e+00  -4.1624420e+00   1.4348560e+00  -2.2578100e+00
   9.0750300e-01   1.2058530e+00  -1.1500000e+00   2.2484690e+00  -4.1631000e+00   1.4360120e+00  -2.2580110e+00
   9.0670300e-01   1.2059940e+00  -1.1500000e+00   2.2479830e+00  -4.1637500e+00   1.4371720e+00  -2.2582130e+00
   9.0590200e-01   1.2061360e+00  -1.1500000e+00   2.2474950e+00  -4.1643900e+00   1.4383340e+00  -2.2584150e+00
   9.0510000e-01   1.2062780e+00  -1.1500000e+00   2.2470060e+00  -4.1650220e+00   1.4395010e+00  -2.2586170e+00
   9.0429900e-01   1.2064200e+00  -1.1500000e+00   2.2465150e+00  -4.1656440e+00   1.4406700e+00  -2.2588200e+00
   9.0349700e-01   1.2065620e+00  -1.1500000e+00   2.2460240e+00  -4.1662560e+00   1.4418420e+00  -2.2590230e+00
   9.0269500e-01   1.2067050e+00  -1.1500000e+00   2.2455320e+00  -4.1668600e+00   1.4430170e+00  -2.2592260e+00
   9.0189200e-01   1.2068480e+00  -1.1500000e+00   2.2450380e+00  -4.1674540e+00   1.4441940e+00  -2.2594300e+00
   9.0109000e-01   1.2069910e+00  -1.1500000e+00   2.2445430e+00  -4.1680380e+00   1.4453740e+00  -2.2596330e+00
   9.0028700e-01   1.2071340e+00  -1.1500000e+00   2.2440470e+00  -4.1686130e+00   1.4465570e+00  -2.2598370e+00
   8.9948500e-01   1.2072780e+00  -1.1500000e+00   2.2435500e+00  -4.1691790e+00   1.4477420e+00  -2.2600400e+00
   8.9868200e-01   1.2074220e+00  -1.1500000e+00   2.2430520e+00  -4.1697350e+00   1.4489290e+00  -2.2602440e+00
   8.9787900e-01   1.2075660e+00  -1.1500000e+00   2.2425530e+00  -4.1702820e+00   1.4501180e+00  -2.2604470e+00
   8.9707700e-01   1.2077100e+00  -1.1500000e+00   2.2420520e+00  -4.1708190e+00   1.4513090e+00  -2.2606500e+00
   8.9627400e-01   1.2078540e+00  -1.1500000e+00   2.2415510e+00  -4.1713470e+00   1.4525020e+00  -2.2608520e+00
   8.9547200e-01   1.2079980e+00  -1.1500000e+00   2.2410480e+00  -4.1718650e+00   1.4536960e+00  -2.2610550e+00
   8.9466900e-01   1.2081430e+00  -1.1500000e+00   2.2405440e+00  -4.1723740e+00   1.4548920e+00  -2.2612560e+00
   8.9386700e-01   1.2082870e+00  -1.1500000e+00   2.2400390e+00  -4.1728730e+00   1.4560900e+00  -2.2614580e+00
   8.9306500e-01   1.2084320e+00  -1.1500000e+00   2.2395320e+00  -4.1733620e+00   1.4572880e+00  -2.2616590e+00
   8.9226300e-01   1.2085770e+00  -1.1500000e+00   2.2390250e+00  -4.1738420e+00   1.4584880e+00  -2.2618590e+00
   8.9146200e-01   1.2087210e+00  -1.1500000e+00   2.2385160e+00  -4.1743120e+00   1.4596900e+00  -2.2620580e+00
   8.9066100e-01   1.2088660e+00  -1.1500000e+00   2.2380070e+00  -4.1747720e+00   1.4608920e+00  -2.2622570e+00
   8.8986000e-01   1.2090100e+00  -1.1500000e+00   2.2374960e+00  -4.1752230e+00   1.4620940e+00  -2.2624550e+00
   8.8906000e-01   1.2091550e+00  -1.1500000e+00   2.2369830e+00  -4.1756640e+00   1.4632980e+00  -2.2626520e+00
   8.8826000e-01   1.2092990e+00  -1.1500000e+00   2.2364700e+00  -4.1760950e+00   1.4645020e+00  -2.2628480e+00
   8.8746100e-01   1.2094430e+00  -1.1500000e+00   2.2359560e+00  -4.1765170e+00   1.4657070e+00  -2.2630430e+00
   8.8666200e-01   1.2095870e+00  -1.1500000e+00   2.2354400e+00  -4.1769290e+00   1.4669110e+00  -2.2632370e+00
   8.8586400e-01   1.2097310e+00  -1.1500000e+00   2.2349230e+00  -4.1773310e+00   1.4681160e+00  -2.2634290e+00
   8.8506600e-01   1.2098750e+00  -1.1500000e+00   2.2344050e+00  -4.1777230e+00   1.4693210e+00  -2.2636210e+00
   8.8426900e-01   1.2100190e+00  -1.1500000e+00   2.2338850e+00  -4.1781050e+00   1.4705260e+00  -2.2638110e+00
   8.8347300e-01   1.2101620e+00  -1.1500000e+00   2.2333650e+00  -4.1784780e+00   1.4717310e+00  -2.2640000e+00
   8.8267700e-01   1.2103050e+00  -1.1500000e+00   2.2328430e+00  -4.1788410e+00   1.4729350e+00  -2.2641880e+00
   8.8188300e-01   1.2104480e+00  -1.1500000e+00   2.2323200e+00  -4.1791940e+00   1.4741390e+00  -2.2643740e+00
   8.8108800e-01   1.2105900e+00  -1.1500000e+00   2.2317960e+00  -4.1795370e+00   1.4753420e+00  -2.2645580e+00
   8.8029500e-01   1.2107330e+00  -1.1500000e+00   2.2312700e+00  -4.1798710e+00   1.4765450e+00  -2.2647410e+00
   8.7950300e-01   1.2108740e+00  -1.1500000e+00   2.2307430e+00  -4.1801940e+00   1.4777460e+00  -2.2649220e+00
   8.7871100e-01   1.2110160e+00  -1.1500000e+00   2.2302150e+00  -4.1805080e+00   1.4789470e+00  -2.2651020e+00
   8.7792100e-01   1.2111570e+00  -1.1500000e+00   2.2296860e+00  -4.1808120e+00   1.4801470e+00  -2.2652790e+00
   8.7713100e-01   1.2112970e+00  -1.1500000e+00   2.2291550e+00  -4.1811060e+00   1.4813450e+00  -2.2654550e+00
   8.7634200e-01   1.2114370e+00  -1.1500000e+00   2.2286230e+00  -4.1813910e+00   1.4825420e+00  -2.2656290e+00
   8.7555500e-01   1.2115770e+00  -1.1500000e+00   2.2280900e+00  -4.1816650e+00   1.4837370e+00  -2.2658010e+00
   8.7476800e-01   1.2117160e+00  -1.1500000e+00   2.2275560e+00  -4.1819300e+00   1.4849300e+00  -2.2659700e+00
   8.7398300e-01   1.2118550e+00  -1.1500000e+00   2.2270200e+00  -4.1821850e+00   1.4861220e+00  -2.2661380e+00
   8.7319800e-01   1.2119930e+00  -1.1500000e+00   2.2264830e+00  -4.1824300e+00   1.4873120e+00  -2.2663030e+00
   8.7241500e-01   1.2121300e+00  -1.1500000e+00   2.2259440e+00  -4.1826650e+00   1.4885000e+00  -2.2664670e+00
   8.7163300e-01   1.2122670e+00  -1.1500000e+00   2.2254040e+00  -4.1828910e+00   1.4896850e+00  -2.2666280e+00
   8.7085300e-01   1.2124030e+00  -1.1500000e+00   2.2248630e+00  -4.1831060e+00   1.4908680e+00  -2.2667860e+00
   8.7007300e-01   1.2125390e+00  -1.1500000e+00   2.2243210e+00  -4.1833120e+00   1.4920490e+00  -2.2669420e+00
   8.6929500e-01   1.2126740e+00  -1.1500000e+00   2.2237770e+00  -4.1835080e+00   1.4932270e+00  -2.2670960e+00
   8.6851800e-01   1.2128080e+00  -1.1500000e+00   2.2232310e+00  -4.1836950e+00   1.4944030e+00  -2.2672470e+00
   8.6774300e-01   1.2129410e+00  -1.1500000e+00   2.2226850e+00  -4.1838710e+00   1.4955750e+00  -2.2673950e+00
   8.6696900e-01   1.2130740e+00  -1.1500000e+00   2.2221370e+00  -4.1840380e+00   1.4967450e+00  -2.2675410e+00
   8.6619600e-01   1.2132060e+00  -1.1500000e+00   2.2215870e+00  -4.1841950e+00   1.4979110e+00  -2.2676840e+00
   8.6542500e-01   1.2133360e+00  -1.1500000e+00   2.2210360e+00  -4.1843420e+00   1.4990740e+00  -2.2678240e+00
   8.6465500e-01   1.2134670e+00  -1.1500000e+00   2.2204840e+00  -4.1844800e+00   1.5002330e+00  -2.2679610e+00
   8.6388700e-01   1.2135960e+00  -1.1500000e+00   2.2199300e+00  -4.1846080e+00   1.5013890e+00  -2.2680950e+00
   8.6312100e-01   1.2137240e+00  -1.1500000e+00   2.2193740e+00  -4.1847260e+00   1.5025420e+00  -2.2682260e+00
   8.6235600e-01   1.2138510e+00  -1.1500000e+00   2.2188170e+00  -4.1848350e+00   1.5036900e+00  -2.2683550e+00
   8.6159300e-01   1.2139780e+00  -1.1500000e+00   2.2182590e+00  -4.1849340e+00   1.5048350e+00  -2.2684800e+00
   8.6083100e-01   1.2141030e+00  -1.1500000e+00   2.2176990e+00  -4.1850230e+00   1.5059750e+00  -2.2686020e+00
   8.6007100e-01   1.2142270e+00  -1.1500000e+00   2.2171370e+00  -4.1851030e+00   1.5071110e+00  -2.2687210e+00
   8.5931300e-01   1.2143500e+00  -1.1500000e+00   2.2165740e+00  -4.1851730e+00   1.5082430e+00  -2.2688360e+00
   8.5855700e-01   1.2144730e+00  -1.1500000e+00   2.2160100e+00  -4.1852340e+00   1.5093700e+00  -2.2689480e+00
   8.5780200e-01   1.2145940e+00  -1.1500000e+00   2.2154440e+00  -4.1852850e+00   1.5104930e+00  -2.2690570e+00
   8.5704900e-01   1.2147140e+00  -1.1500000e+00   2.2148760e+00  -4.1853260e+00   1.5116110e+00  -2.2691620e+00
   8.5629800e-01   1.2148320e+00  -1.1500000e+00   2.2143060e+00  -4.1853580e+00   1.5127240e+00  -2.2692640e+00
   8.5554900e-01   1.2149500e+00  -1.1500000e+00   2.2137350e+00  -4.1853810e+00   1.5138310e+00  -2.2693620e+00
   8.5480200e-01   1.2150660e+00  -1.1500000e+00   2.2131620e+00  -4.1853940e+00   1.5149340e+00  -2.2694570e+00
   8.5405700e-01   1.2151810e+00  -1.1500000e+00   2.2125880e+00  -4.1853970e+00   1.5160310e+00  -2.2695480e+00
   8.5331400e-01   1.2152950e+00  -1.1500000e+00   2.2120120e+00  -4.1853920e+00   1.5171230e+00  -2.2696350e+00
   8.5257200e-01   1.2154070e+00  -1.1500000e+00   2.2114340e+00  -4.1853770e+00   1.5182090e+00  -2.2697180e+00
   8.5183300e-01   1.2155180e+00  -1.1500000e+00   2.2108550e+00  -4.1853520e+00   1.5192900e+00  -2.2697980e+00
   8.5109600e-01   1.2156280e+00  -1.1500000e+00   2.2102730e+00  -4.1853180e+00   1.5203640e+00  -2.2698740e+00
   8.5036100e-01   1.2157360e+00  -1.1500000e+00   2.2096900e+00  -4.1852760e+00   1.5214330e+00  -2.2699460e+00
   8.4962800e-01   1.2158430e+00  -1.1500000e+00   2.2091050e+00  -4.1852230e+00   1.5224950e+00  -2.2700130e+00
   8.4889700e-01   1.2159480e+00  -1.1500000e+00   2.2085190e+00  -4.1851620e+00   1.5235510e+00  -2.2700770e+00
   8.4816800e-01   1.2160520e+00  -1.1500000e+00   2.2079300e+00  -4.1850920e+00   1.5246010e+00  -2.2701370e+00
   8.4744200e-01   1.2161540e+00  -1.1500000e+00   2.2073400e+00  -4.1850120e+00   1.5256440e+00  -2.2701920e+00
   8.4671800e-01   1.2162550e+00  -1.1500000e+00   2.2067480e+00  -4.1849230e+00   1.5266800e+00  -2.2702440e+00
   8.4599600e-01   1.2163540e+00  -1.1500000e+00   2.2061540e+00  -4.1848250e+00   1.5277090e+00  -2.2702910e+00
   8.4527600e-01   1.2164510e+00  -1.1500000e+00   2.2055580e+00  -4.1847190e+00   1.5287320e+00  -2.2703340e+00
   8.4455800e-01   1.2165470e+00  -1.1500000e+00   2.2049600e+00  -4.1846030e+00   1.5297470e+00  -2.2703720e+00
   8.4384300e-01   1.2166410e+00  -1.1500000e+00   2.2043600e+00  -4.1844780e+00   1.5307550e+00  -2.2704070e+00
   8.4313100e-01   1.2167340e+00  -1.1500000e+00   2.2037580e+00  -4.1843450e+00   1.5317560e+00  -2.2704360e+00
   8.4242000e-01   1.2168240e+00  -1.1500000e+00   2.2031540e+00  -4.1842020e+00   1.5327490e+00  -2.2704620e+00
   8.4171200e-01   1.2169130e+00  -1.1500000e+00   2.2025480e+00  -4.1840510e+00   1.5337340e+00  -2.2704830e+00
   8.4100700e-01   1.2170000e+00  -1.1500000e+00   2.2019400e+00  -4.1838910e+00   1.5347120e+00  -2.2704990e+00
   8.4030400e-01   1.2170860e+00  -1.1500000e+00   2.2013300e+00  -4.1837230e+00   1.5356820e+00  -2.2705110e+00
   8.3960300e-01   1.2171690e+00  -1.1500000e+00   2.2007180e+00  -4.1835460e+00   1.5366440e+00  -2.2705180e+00
   8.3890500e-01   1.2172510e+00  -1.1500000e+00   2.2001040e+00  -4.1833600e+00   1.5375970e+00  -2.2705200e+00
   8.3820900e-01   1.2173300e+00  -1.1500000e+00   2.1994870e+00  -4.1831650e+00   1.5385420e+00  -2.2705180e+00
   8.3751600e-01   1.2174080e+00  -1.1500000e+00   2.1988690e+00  -4.1829630e+00   1.5394790e+00  -2.2705110e+00
   8.3682600e-01   1.2174830e+00  -1.1500000e+00   2.1982480e+00  -4.1827510e+00   1.5404070e+00  -2.2704990e+00
   8.3613800e-01   1.2175570e+00  -1.1500000e+00   2.1976250e+00  -4.1825320e+00   1.5413260e+00  -2.2704820e+00
   8.3545200e-01   1.2176290e+00  -1.1500000e+00   2.1970000e+00  -4.1823040e+00   1.5422360e+00  -2.2704600e+00
   8.3477000e-01   1.2176980e+00  -1.1500000e+00   2.1963720e+00  -4.1820670e+00   1.5431380e+00  -2.2704340e+00
   8.3409000e-01   1.2177650e+00  -1.1500000e+00   2.1957420e+00  -4.1818230e+00   1.5440300e+00  -2.2704020e+00
   8.3341200e-01   1.2178310e+00  -1.1500000e+00   2.1951100e+00  -4.1815700e+00   1.5449130e+00  -2.2703660e+00
   8.3273800e-01   1.2178940e+00  -1.1500000e+00   2.1944750e+00  -4.1813090e+00   1.5457870e+00  -2.2703240e+00
   8.3206600e-01   1.2179550e+00  -1.1500000e+00   2.1938380e+00  -4.1810410e+00   1.5466510e+00  -2.2702780e+00
   8.3139700e-01   1.2180130e+00  -1.1500000e+00   2.1931990e+00  -4.1807640e+00   1.5475050e+00  -2.2702260e+00
   8.3073000e-01   1.2180700e+00  -1.1500000e+00   2.1925570e+00  -4.1804790e+00   1.5483490e+00  -2.2701690e+00
   8.3006700e-01   1.2181240e+00  -1.1500000e+00   2.1919120e+00  -4.1801860e+00   1.5491840e+00  -2.2701080e+00
   8.2940600e-01   1.2181750e+00  -1.1500000e+00   2.1912650e+00  -4.1798860e+00   1.5500080e+00  -2.2700400e+00
   8.2874800e-01   1.2182250e+00  -1.1500000e+00   2.1906160e+00  -4.1795780e+00   1.5508230e+00  -2.2699680e+00
   8.2809300e-01   1.2182720e+00  -1.1500000e+00   2.1899640e+00  -4.1792620e+00   1.5516270e+00  -2.2698900e+00
   8.2744000e-01   1.2183160e+00  -1.1500000e+00   2.1893090e+00  -4.1789390e+00   1.5524200e+00  -2.2698080e+00
   8.2679100e-01   1.2183590e+00  -1.1500000e+00   2.1886520e+00  -4.1786080e+00   1.5532030e+00  -2.2697190e+00
   8.2614400e-01   1.2183980e+00  -1.1500000e+00   2.1879920e+00  -4.1782700e+00   1.5539750e+00  -2.2696260e+00
   8.2550000e-01   1.2184350e+00  -1.1500000e+00   2.1873290e+00  -4.1779240e+00   1.5547370e+00  -2.2695270e+00
   8.2486000e-01   1.2184700e+00  -1.1500000e+00   2.1866630e+00  -4.1775710e+00   1.5554870e+00  -2.2694220e+00
   8.2422200e-01   1.2185020e+00  -1.1500000e+00   2.1859950e+00  -4.1772110e+00   1.5562260e+00  -2.2693130e+00
   8.2358700e-01   1.2185320e+00  -1.1500000e+00   2.1853240e+00  -4.1768430e+00   1.5569540e+00  -2.2691970e+00
   8.2295500e-01   1.2185590e+00  -1.1500000e+00   2.1846500e+00  -4.1764690e+00   1.5576710e+00  -2.2690760e+00
   8.2232600e-01   1.2185830e+00  -1.1500000e+00   2.1839730e+00  -4.1760870e+00   1.5583760e+00  -2.2689500e+00
   8.2170000e-01   1.2186050e+00  -1.1500000e+00   2.1832930e+00  -4.1756990e+00   1.5590700e+00  -2.2688180e+00
   8.2107700e-01   1.2186240e+00  -1.1500000e+00   2.1826100e+00  -4.1753030e+00   1.5597510e+00  -2.2686810e+00
   8.2045700e-01   1.2186400e+00  -1.1500000e+00   2.1819250e+00  -4.1749010e+00   1.5604210e+00  -2.2685380e+00
   8.1984100e-01   1.2186530e+00  -1.1500000e+00   2.1812360e+00  -4.1744930e+00   1.5610790e+00  -2.2683890e+00
   8.1922700e-01   1.2186640e+00  -1.1500000e+00   2.1805440e+00  -4.1740770e+00   1.5617250e+00  -2.2682350e+00
   8.1861600e-01   1.2186720e+00  -1.1500000e+00   2.1798490e+00  -4.1736550e+00   1.5623590e+00  -2.2680750e+00
   8.1800800e-01   1.2186770e+00  -1.1500000e+00   2.1791510e+00  -4.1732270e+00   1.5629800e+00  -2.2679090e+00
   8.1740400e-01   1.2186790e+00  -1.1500000e+00   2.1784500e+00  -4.1727920e+00   1.5635890e+00  -2.2677380e+00
   8.1680200e-01   1.2186780e+00  -1.1500000e+00   2.1777450e+00  -4.1723510e+00   1.5641850e+00  -2.2675610e+00
   8.1620400e-01   1.2186740e+00  -1.1500000e+00   2.1770370e+00  -4.1719040e+00   1.5647690e+00  -2.2673780e+00
   8.1574600e-01   1.2187400e+00  -1.1500000e+00   2.1766280e+00  -4.1713250e+00   1.5654740e+00  -2.2673580e+00
